Date,Code,Open,High,Low,Close,UpperLimit,LowerLimit,Volume,TurnoverValue,AdjustmentFactor,AdjustmentOpen,AdjustmentHigh,AdjustmentLow,AdjustmentClose,AdjustmentVolume
2020-10-29,36960,2001.0,2066.0,1961.0,2050.0,0,0,252800.0,508615200.0,1.0,2001.0,2066.0,1961.0,2050.0,252800.0
2020-10-30,36960,2044.0,2066.0,1950.0,2014.0,0,0,279700.0,560003200.0,1.0,2044.0,2066.0,1950.0,2014.0,279700.0
2020-11-02,36960,2000.0,2046.0,1946.0,1968.0,0,0,192900.0,382458100.0,1.0,2000.0,2046.0,1946.0,1968.0,192900.0
2020-11-04,36960,1999.0,2078.0,1969.0,2076.0,0,0,276700.0,563078100.0,1.0,1999.0,2078.0,1969.0,2076.0,276700.0
2020-11-05,36960,2105.0,2133.0,2055.0,2087.0,0,0,224500.0,470212600.0,1.0,2105.0,2133.0,2055.0,2087.0,224500.0
2020-11-06,36960,2130.0,2140.0,2065.0,2072.0,0,0,223100.0,468916300.0,1.0,2130.0,2140.0,2065.0,2072.0,223100.0
2020-11-09,36960,2118.0,2159.0,2065.0,2158.0,0,0,171700.0,364863500.0,1.0,2118.0,2159.0,2065.0,2158.0,171700.0
2020-11-10,36960,2150.0,2150.0,1961.0,1974.0,0,0,316700.0,644103900.0,1.0,2150.0,2150.0,1961.0,1974.0,316700.0
2020-11-11,36960,1942.0,2035.0,1896.0,2007.0,0,0,227800.0,447116400.0,1.0,1942.0,2035.0,1896.0,2007.0,227800.0
2020-11-12,36960,2015.0,2060.0,1975.0,2013.0,0,0,181000.0,364531100.0,1.0,2015.0,2060.0,1975.0,2013.0,181000.0
2020-11-13,36960,2005.0,2025.0,1952.0,2010.0,0,0,210800.0,419962400.0,1.0,2005.0,2025.0,1952.0,2010.0,210800.0
2020-11-16,36960,2160.0,2165.0,1984.0,2036.0,0,0,477000.0,987094800.0,1.0,2160.0,2165.0,1984.0,2036.0,477000.0
2020-11-17,36960,2030.0,2045.0,1856.0,1968.0,0,0,396400.0,776713400.0,1.0,2030.0,2045.0,1856.0,1968.0,396400.0
2020-11-18,36960,1938.0,2093.0,1932.0,2068.0,0,0,353700.0,725973900.0,1.0,1938.0,2093.0,1932.0,2068.0,353700.0
2020-11-19,36960,2147.0,2310.0,2147.0,2254.0,0,0,766600.0,1712657300.0,1.0,2147.0,2310.0,2147.0,2254.0,766600.0
2020-11-20,36960,2271.0,2277.0,2155.0,2218.0,0,0,348600.0,767295000.0,1.0,2271.0,2277.0,2155.0,2218.0,348600.0
2020-11-24,36960,2310.0,2490.0,2298.0,2456.0,0,0,1014600.0,2454338000.0,1.0,2310.0,2490.0,2298.0,2456.0,1014600.0
2020-11-25,36960,2556.0,2675.0,2460.0,2504.0,0,0,1183700.0,3043465700.0,1.0,2556.0,2675.0,2460.0,2504.0,1183700.0
2020-11-26,36960,2512.0,2637.0,2424.0,2581.0,0,0,491400.0,1261627900.0,1.0,2512.0,2637.0,2424.0,2581.0,491400.0
2020-11-27,36960,2555.0,2768.0,2528.0,2745.0,0,0,646200.0,1732187800.0,1.0,2555.0,2768.0,2528.0,2745.0,646200.0
2020-11-30,36960,2746.0,2863.0,2675.0,2817.0,0,0,456600.0,1268083300.0,1.0,2746.0,2863.0,2675.0,2817.0,456600.0
2020-12-01,36960,2867.0,3125.0,2863.0,3080.0,0,0,756800.0,2278455800.0,1.0,2867.0,3125.0,2863.0,3080.0,756800.0
2020-12-02,36960,3060.0,3125.0,2890.0,3100.0,0,0,540400.0,1636518200.0,1.0,3060.0,3125.0,2890.0,3100.0,540400.0
2020-12-03,36960,3060.0,3165.0,2955.0,3010.0,0,0,456300.0,1376539400.0,1.0,3060.0,3165.0,2955.0,3010.0,456300.0
2020-12-04,36960,3100.0,3280.0,3050.0,3175.0,0,0,556300.0,1761289500.0,1.0,3100.0,3280.0,3050.0,3175.0,556300.0
2020-12-07,36960,3155.0,3160.0,2716.0,2740.0,0,0,853200.0,2449701800.0,1.0,3155.0,3160.0,2716.0,2740.0,853200.0
2020-12-08,36960,2706.0,2929.0,2687.0,2875.0,0,0,353200.0,1006138500.0,1.0,2706.0,2929.0,2687.0,2875.0,353200.0
2020-12-09,36960,2820.0,2833.0,2501.0,2528.0,0,0,946700.0,2491280500.0,1.0,2820.0,2833.0,2501.0,2528.0,946700.0
2020-12-10,36960,2519.0,2538.0,2441.0,2453.0,0,0,460400.0,1142337800.0,1.0,2519.0,2538.0,2441.0,2453.0,460400.0
2020-12-11,36960,2530.0,2669.0,2520.0,2606.0,0,0,628000.0,1642689000.0,1.0,2530.0,2669.0,2520.0,2606.0,628000.0
2020-12-14,36960,2770.0,2848.0,2678.0,2740.0,0,0,708500.0,1957372600.0,1.0,2770.0,2848.0,2678.0,2740.0,708500.0
2020-12-15,36960,2788.0,2795.0,2634.0,2677.0,0,0,325600.0,874682000.0,1.0,2788.0,2795.0,2634.0,2677.0,325600.0
2020-12-16,36960,2782.0,2788.0,2652.0,2704.0,0,0,350300.0,947203900.0,1.0,2782.0,2788.0,2652.0,2704.0,350300.0
2020-12-17,36960,2770.0,2980.0,2709.0,2902.0,0,0,848600.0,2450442200.0,1.0,2770.0,2980.0,2709.0,2902.0,848600.0
2020-12-18,36960,2952.0,2986.0,2816.0,2878.0,0,0,510000.0,1470696100.0,1.0,2952.0,2986.0,2816.0,2878.0,510000.0
2020-12-21,36960,2930.0,3085.0,2783.0,2824.0,0,0,654000.0,1893172100.0,1.0,2930.0,3085.0,2783.0,2824.0,654000.0
2020-12-22,36960,2766.0,2795.0,2670.0,2699.0,0,0,449900.0,1223233700.0,1.0,2766.0,2795.0,2670.0,2699.0,449900.0
2020-12-23,36960,2705.0,2784.0,2580.0,2717.0,0,0,468200.0,1263371200.0,1.0,2705.0,2784.0,2580.0,2717.0,468200.0
2020-12-24,36960,2703.0,2799.0,2660.0,2718.0,0,0,296000.0,810104600.0,1.0,2703.0,2799.0,2660.0,2718.0,296000.0
2020-12-25,36960,2758.0,2770.0,2622.0,2653.0,0,0,237000.0,634107900.0,1.0,2758.0,2770.0,2622.0,2653.0,237000.0
2020-12-28,36960,2667.0,2807.0,2631.0,2673.0,0,0,519300.0,1413648700.0,1.0,2667.0,2807.0,2631.0,2673.0,519300.0
2020-12-29,36960,2733.0,2863.0,2701.0,2791.0,0,0,459500.0,1287722400.0,1.0,2733.0,2863.0,2701.0,2791.0,459500.0
2020-12-30,36960,2765.0,2791.0,2688.0,2723.0,0,0,351600.0,960401100.0,1.0,2765.0,2791.0,2688.0,2723.0,351600.0
2021-01-04,36960,2823.0,3000.0,2775.0,2955.0,0,0,749300.0,2171822900.0,1.0,2823.0,3000.0,2775.0,2955.0,749300.0
2021-01-05,36960,2913.0,2928.0,2744.0,2768.0,0,0,751100.0,2101306000.0,1.0,2913.0,2928.0,2744.0,2768.0,751100.0
2021-01-06,36960,2780.0,2842.0,2702.0,2721.0,0,0,429100.0,1185562200.0,1.0,2780.0,2842.0,2702.0,2721.0,429100.0
2021-01-07,36960,2768.0,2768.0,2623.0,2642.0,0,0,459900.0,1234510000.0,1.0,2768.0,2768.0,2623.0,2642.0,459900.0
2021-01-08,36960,2713.0,2714.0,2543.0,2609.0,0,0,470500.0,1228481800.0,1.0,2713.0,2714.0,2543.0,2609.0,470500.0
2021-01-12,36960,2537.0,2539.0,2439.0,2509.0,0,0,510300.0,1267462700.0,1.0,2537.0,2539.0,2439.0,2509.0,510300.0
2021-01-13,36960,2500.0,2533.0,2441.0,2477.0,0,0,321300.0,797841900.0,1.0,2500.0,2533.0,2441.0,2477.0,321300.0
2021-01-14,36960,2501.0,2545.0,2442.0,2462.0,0,0,401100.0,1001539000.0,1.0,2501.0,2545.0,2442.0,2462.0,401100.0
2021-01-15,36960,2505.0,2627.0,2473.0,2500.0,0,0,417500.0,1059456000.0,1.0,2505.0,2627.0,2473.0,2500.0,417500.0
2021-01-18,36960,2426.0,2470.0,2372.0,2451.0,0,0,297900.0,723842200.0,1.0,2426.0,2470.0,2372.0,2451.0,297900.0
2021-01-19,36960,2499.0,2569.0,2471.0,2558.0,0,0,251900.0,638978900.0,1.0,2499.0,2569.0,2471.0,2558.0,251900.0
2021-01-20,36960,2571.0,2627.0,2544.0,2587.0,0,0,253400.0,655778100.0,1.0,2571.0,2627.0,2544.0,2587.0,253400.0
2021-01-21,36960,2579.0,2606.0,2525.0,2557.0,0,0,237200.0,608832600.0,1.0,2579.0,2606.0,2525.0,2557.0,237200.0
2021-01-22,36960,2507.0,2523.0,2457.0,2518.0,0,0,276600.0,688630400.0,1.0,2507.0,2523.0,2457.0,2518.0,276600.0
2021-01-25,36960,2546.0,2565.0,2508.0,2562.0,0,0,146100.0,372137800.0,1.0,2546.0,2565.0,2508.0,2562.0,146100.0
2021-01-26,36960,2561.0,2561.0,2459.0,2467.0,0,0,236200.0,587156800.0,1.0,2561.0,2561.0,2459.0,2467.0,236200.0
2021-01-27,36960,2503.0,2546.0,2469.0,2533.0,0,0,209900.0,527889500.0,1.0,2503.0,2546.0,2469.0,2533.0,209900.0
2021-01-28,36960,2433.0,2485.0,2411.0,2473.0,0,0,313900.0,768434100.0,1.0,2433.0,2485.0,2411.0,2473.0,313900.0
2021-01-29,36960,2423.0,2586.0,2398.0,2577.0,0,0,656100.0,1653887700.0,1.0,2423.0,2586.0,2398.0,2577.0,656100.0
2021-02-01,36960,2624.0,2694.0,2524.0,2626.0,0,0,594800.0,1550879000.0,1.0,2624.0,2694.0,2524.0,2626.0,594800.0
2021-02-02,36960,2652.0,2727.0,2586.0,2724.0,0,0,449900.0,1204995800.0,1.0,2652.0,2727.0,2586.0,2724.0,449900.0
2021-02-03,36960,2770.0,2838.0,2738.0,2830.0,0,0,450100.0,1258712500.0,1.0,2770.0,2838.0,2738.0,2830.0,450100.0
2021-02-04,36960,2830.0,2837.0,2762.0,2777.0,0,0,297600.0,832116900.0,1.0,2830.0,2837.0,2762.0,2777.0,297600.0
2021-02-05,36960,2752.0,2754.0,2635.0,2658.0,0,0,436700.0,1167203600.0,1.0,2752.0,2754.0,2635.0,2658.0,436700.0
2021-02-08,36960,2652.0,2720.0,2602.0,2700.0,0,0,325900.0,874059000.0,1.0,2652.0,2720.0,2602.0,2700.0,325900.0
2021-02-09,36960,2800.0,2877.0,2642.0,2746.0,0,0,569400.0,1559238200.0,1.0,2800.0,2877.0,2642.0,2746.0,569400.0
2021-02-10,36960,2736.0,2798.0,2704.0,2788.0,0,0,323700.0,894371300.0,1.0,2736.0,2798.0,2704.0,2788.0,323700.0
2021-02-12,36960,2812.0,2816.0,2738.0,2782.0,0,0,342400.0,954126600.0,1.0,2812.0,2816.0,2738.0,2782.0,342400.0
2021-02-15,36960,3150.0,3285.0,3030.0,3285.0,1,0,1055400.0,3412494000.0,1.0,3150.0,3285.0,3030.0,3285.0,1055400.0
2021-02-16,36960,3370.0,3985.0,3365.0,3985.0,1,0,1603400.0,6079470000.0,1.0,3370.0,3985.0,3365.0,3985.0,1603400.0
2021-02-17,36960,4170.0,4210.0,3660.0,4070.0,0,0,1569100.0,6205769000.0,1.0,4170.0,4210.0,3660.0,4070.0,1569100.0
2021-02-18,36960,4305.0,4440.0,3970.0,4000.0,0,0,1076700.0,4508189500.0,1.0,4305.0,4440.0,3970.0,4000.0,1076700.0
2021-02-19,36960,3840.0,3855.0,3550.0,3755.0,0,0,879000.0,3257503000.0,1.0,3840.0,3855.0,3550.0,3755.0,879000.0
2021-02-22,36960,3990.0,4455.0,3970.0,4355.0,1,0,1536000.0,6638809000.0,1.0,3990.0,4455.0,3970.0,4355.0,1536000.0
2021-02-24,36960,4005.0,4160.0,3835.0,3995.0,0,0,972000.0,3898755500.0,1.0,4005.0,4160.0,3835.0,3995.0,972000.0
2021-02-25,36960,4065.0,4220.0,3845.0,4080.0,0,0,513900.0,2089442500.0,1.0,4065.0,4220.0,3845.0,4080.0,513900.0
2021-02-26,36960,3870.0,4005.0,3825.0,3900.0,0,0,501600.0,1955863500.0,1.0,3870.0,4005.0,3825.0,3900.0,501600.0
2021-03-01,36960,3910.0,3910.0,3685.0,3725.0,0,0,368300.0,1383637000.0,1.0,3910.0,3910.0,3685.0,3725.0,368300.0
2021-03-02,36960,3995.0,4325.0,3925.0,4215.0,0,0,1002000.0,4192933000.0,1.0,3995.0,4325.0,3925.0,4215.0,1002000.0
2021-03-03,36960,4190.0,4280.0,3910.0,3970.0,0,0,443500.0,1782160500.0,1.0,4190.0,4280.0,3910.0,3970.0,443500.0
2021-03-04,36960,3900.0,4070.0,3810.0,4025.0,0,0,386500.0,1536808500.0,1.0,3900.0,4070.0,3810.0,4025.0,386500.0
2021-03-05,36960,3960.0,3985.0,3740.0,3930.0,0,0,332400.0,1283005500.0,1.0,3960.0,3985.0,3740.0,3930.0,332400.0
2021-03-08,36960,4050.0,4170.0,3965.0,4000.0,0,0,281600.0,1142499000.0,1.0,4050.0,4170.0,3965.0,4000.0,281600.0
2021-03-09,36960,3930.0,4080.0,3800.0,4070.0,0,0,242100.0,959792500.0,1.0,3930.0,4080.0,3800.0,4070.0,242100.0
2021-03-10,36960,4110.0,4355.0,3910.0,4035.0,0,0,523200.0,2146488000.0,1.0,4110.0,4355.0,3910.0,4035.0,523200.0
2021-03-11,36960,4050.0,4550.0,4045.0,4515.0,0,0,820300.0,3588283000.0,1.0,4050.0,4550.0,4045.0,4515.0,820300.0
2021-03-12,36960,4620.0,4700.0,4415.0,4630.0,0,0,614500.0,2806623500.0,1.0,4620.0,4700.0,4415.0,4630.0,614500.0
2021-03-15,36960,4770.0,4770.0,4520.0,4730.0,0,0,528200.0,2469546500.0,1.0,4770.0,4770.0,4520.0,4730.0,528200.0
2021-03-16,36960,4660.0,4740.0,4505.0,4515.0,0,0,363800.0,1668663500.0,1.0,4660.0,4740.0,4505.0,4515.0,363800.0
2021-03-17,36960,4575.0,4665.0,4365.0,4410.0,0,0,444400.0,1995021500.0,1.0,4575.0,4665.0,4365.0,4410.0,444400.0
2021-03-18,36960,4525.0,5110.0,4525.0,5110.0,1,0,913700.0,4539071500.0,1.0,4525.0,5110.0,4525.0,5110.0,913700.0
2021-03-19,36960,5030.0,5140.0,4820.0,5000.0,0,0,851200.0,4245407000.0,1.0,5030.0,5140.0,4820.0,5000.0,851200.0
2021-03-22,36960,5010.0,5260.0,4880.0,4915.0,0,0,559700.0,2806093000.0,1.0,5010.0,5260.0,4880.0,4915.0,559700.0
2021-03-23,36960,4790.0,4855.0,4660.0,4665.0,0,0,409200.0,1938371500.0,1.0,4790.0,4855.0,4660.0,4665.0,409200.0
2021-03-24,36960,4595.0,4640.0,4340.0,4405.0,0,0,377000.0,1682270500.0,1.0,4595.0,4640.0,4340.0,4405.0,377000.0
2021-03-25,36960,4360.0,4530.0,4230.0,4385.0,0,0,393200.0,1721237500.0,1.0,4360.0,4530.0,4230.0,4385.0,393200.0
2021-03-26,36960,4445.0,4600.0,4430.0,4560.0,0,0,250900.0,1132912000.0,1.0,4445.0,4600.0,4430.0,4560.0,250900.0
2021-03-29,36960,4650.0,4675.0,4285.0,4345.0,0,0,315700.0,1399516000.0,1.0,4650.0,4675.0,4285.0,4345.0,315700.0
2021-03-30,36960,4550.0,4815.0,4445.0,4470.0,0,0,613700.0,2834362000.0,1.0,4550.0,4815.0,4445.0,4470.0,613700.0
2021-03-31,36960,4600.0,4750.0,4550.0,4675.0,0,0,434100.0,2027415500.0,1.0,4600.0,4750.0,4550.0,4675.0,434100.0
2021-04-01,36960,4745.0,4745.0,4500.0,4535.0,0,0,345900.0,1585293500.0,1.0,4745.0,4745.0,4500.0,4535.0,345900.0
2021-04-02,36960,4605.0,4665.0,4475.0,4565.0,0,0,254700.0,1158091500.0,1.0,4605.0,4665.0,4475.0,4565.0,254700.0
2021-04-05,36960,4530.0,4530.0,4285.0,4350.0,0,0,449000.0,1954976000.0,1.0,4530.0,4530.0,4285.0,4350.0,449000.0
2021-04-06,36960,4415.0,4450.0,4270.0,4365.0,0,0,320000.0,1391857500.0,1.0,4415.0,4450.0,4270.0,4365.0,320000.0
2021-04-07,36960,4295.0,4415.0,4270.0,4375.0,0,0,297200.0,1291980500.0,1.0,4295.0,4415.0,4270.0,4375.0,297200.0
2021-04-08,36960,4305.0,4320.0,4040.0,4100.0,0,0,458100.0,1893126000.0,1.0,4305.0,4320.0,4040.0,4100.0,458100.0
2021-04-09,36960,4185.0,4330.0,4155.0,4295.0,0,0,282200.0,1198641500.0,1.0,4185.0,4330.0,4155.0,4295.0,282200.0
2021-04-12,36960,4410.0,4435.0,4255.0,4405.0,0,0,368400.0,1606897500.0,1.0,4410.0,4435.0,4255.0,4405.0,368400.0
2021-04-13,36960,4335.0,4505.0,4280.0,4450.0,0,0,226300.0,1003148500.0,1.0,4335.0,4505.0,4280.0,4450.0,226300.0
2021-04-14,36960,4595.0,4680.0,4510.0,4650.0,0,0,528700.0,2430498500.0,1.0,4595.0,4680.0,4510.0,4650.0,528700.0
2021-04-15,36960,4580.0,4580.0,4310.0,4315.0,0,0,568000.0,2497991000.0,1.0,4580.0,4580.0,4310.0,4315.0,568000.0
2021-04-16,36960,4315.0,4355.0,4185.0,4325.0,0,0,290800.0,1242659000.0,1.0,4315.0,4355.0,4185.0,4325.0,290800.0
2021-04-19,36960,4170.0,4310.0,4040.0,4290.0,0,0,469700.0,1966107000.0,1.0,4170.0,4310.0,4040.0,4290.0,469700.0
2021-04-20,36960,4170.0,4260.0,4125.0,4125.0,0,0,261400.0,1090023000.0,1.0,4170.0,4260.0,4125.0,4125.0,261400.0
2021-04-21,36960,4055.0,4200.0,4015.0,4060.0,0,0,311700.0,1274672000.0,1.0,4055.0,4200.0,4015.0,4060.0,311700.0
2021-04-22,36960,4125.0,4185.0,4030.0,4085.0,0,0,200700.0,822510500.0,1.0,4125.0,4185.0,4030.0,4085.0,200700.0
2021-04-23,36960,3985.0,3985.0,3740.0,3775.0,0,0,543700.0,2091914500.0,1.0,3985.0,3985.0,3740.0,3775.0,543700.0
2021-04-26,36960,3840.0,4045.0,3810.0,4005.0,0,0,369200.0,1456029500.0,1.0,3840.0,4045.0,3810.0,4005.0,369200.0
2021-04-27,36960,4050.0,4085.0,3950.0,3970.0,0,0,275400.0,1104265500.0,1.0,4050.0,4085.0,3950.0,3970.0,275400.0
2021-04-28,36960,3910.0,4015.0,3905.0,3955.0,0,0,189400.0,750163500.0,1.0,3910.0,4015.0,3905.0,3955.0,189400.0
2021-04-30,36960,3885.0,3885.0,3610.0,3650.0,0,0,669400.0,2469435000.0,1.0,3885.0,3885.0,3610.0,3650.0,669400.0
2021-05-06,36960,3755.0,3825.0,3690.0,3755.0,0,0,289000.0,1090887500.0,1.0,3755.0,3825.0,3690.0,3755.0,289000.0
2021-05-07,36960,3685.0,3805.0,3645.0,3750.0,0,0,166900.0,625425000.0,1.0,3685.0,3805.0,3645.0,3750.0,166900.0
2021-05-10,36960,3820.0,3835.0,3725.0,3800.0,0,0,213500.0,809357500.0,1.0,3820.0,3835.0,3725.0,3800.0,213500.0
2021-05-11,36960,3725.0,3740.0,3615.0,3655.0,0,0,403000.0,1480201000.0,1.0,3725.0,3740.0,3615.0,3655.0,403000.0
2021-05-12,36960,4350.0,4355.0,4230.0,4355.0,1,0,983800.0,4268571500.0,1.0,4350.0,4355.0,4230.0,4355.0,983800.0
2021-05-13,36960,4215.0,4285.0,3775.0,3800.0,0,0,1397900.0,5638689000.0,1.0,4215.0,4285.0,3775.0,3800.0,1397900.0
2021-05-14,36960,3920.0,3920.0,3720.0,3815.0,0,0,361300.0,1380862500.0,1.0,3920.0,3920.0,3720.0,3815.0,361300.0
2021-05-17,36960,3755.0,3795.0,3485.0,3525.0,0,0,508800.0,1839045500.0,1.0,3755.0,3795.0,3485.0,3525.0,508800.0
2021-05-18,36960,3535.0,3740.0,3535.0,3685.0,0,0,214200.0,782899000.0,1.0,3535.0,3740.0,3535.0,3685.0,214200.0
2021-05-19,36960,3615.0,3795.0,3560.0,3710.0,0,0,237100.0,881518000.0,1.0,3615.0,3795.0,3560.0,3710.0,237100.0
2021-05-20,36960,3640.0,3785.0,3600.0,3750.0,0,0,213800.0,794836000.0,1.0,3640.0,3785.0,3600.0,3750.0,213800.0
2021-05-21,36960,3855.0,3920.0,3795.0,3895.0,0,0,282900.0,1095109000.0,1.0,3855.0,3920.0,3795.0,3895.0,282900.0
2021-05-24,36960,3720.0,3885.0,3710.0,3850.0,0,0,214000.0,816114000.0,1.0,3720.0,3885.0,3710.0,3850.0,214000.0
2021-05-25,36960,3940.0,3985.0,3840.0,3895.0,0,0,198100.0,775169500.0,1.0,3940.0,3985.0,3840.0,3895.0,198100.0
2021-05-26,36960,3880.0,3920.0,3830.0,3850.0,0,0,124800.0,482453500.0,1.0,3880.0,3920.0,3830.0,3850.0,124800.0
2021-05-27,36960,3845.0,3850.0,3745.0,3760.0,0,0,122500.0,464263500.0,1.0,3845.0,3850.0,3745.0,3760.0,122500.0
2021-05-28,36960,3795.0,3910.0,3760.0,3890.0,0,0,216700.0,834102000.0,1.0,3795.0,3910.0,3760.0,3890.0,216700.0
2021-05-31,36960,3890.0,3920.0,3665.0,3720.0,0,0,288500.0,1082016500.0,1.0,3890.0,3920.0,3665.0,3720.0,288500.0
2021-06-01,36960,3750.0,3750.0,3615.0,3620.0,0,0,190000.0,696283500.0,1.0,3750.0,3750.0,3615.0,3620.0,190000.0
2021-06-02,36960,3625.0,3665.0,3555.0,3585.0,0,0,179800.0,645555000.0,1.0,3625.0,3665.0,3555.0,3585.0,179800.0
2021-06-03,36960,3630.0,3680.0,3570.0,3625.0,0,0,161600.0,587330000.0,1.0,3630.0,3680.0,3570.0,3625.0,161600.0
2021-06-04,36960,3580.0,3590.0,3425.0,3430.0,0,0,228000.0,796155000.0,1.0,3580.0,3590.0,3425.0,3430.0,228000.0
2021-06-07,36960,3425.0,3510.0,3420.0,3470.0,0,0,116500.0,404695500.0,1.0,3425.0,3510.0,3420.0,3470.0,116500.0
2021-06-08,36960,3440.0,3505.0,3360.0,3430.0,0,0,127200.0,436274000.0,1.0,3440.0,3505.0,3360.0,3430.0,127200.0
2021-06-09,36960,3435.0,3500.0,3280.0,3300.0,0,0,515200.0,1735715000.0,1.0,3435.0,3500.0,3280.0,3300.0,515200.0
2021-06-10,36960,3380.0,3530.0,3380.0,3485.0,0,0,272700.0,945617000.0,1.0,3380.0,3530.0,3380.0,3485.0,272700.0
2021-06-11,36960,3490.0,3625.0,3445.0,3535.0,0,0,243300.0,865951500.0,1.0,3490.0,3625.0,3445.0,3535.0,243300.0
2021-06-14,36960,3595.0,3660.0,3520.0,3615.0,0,0,227200.0,819317500.0,1.0,3595.0,3660.0,3520.0,3615.0,227200.0
2021-06-15,36960,3675.0,3780.0,3655.0,3685.0,0,0,282200.0,1049408000.0,1.0,3675.0,3780.0,3655.0,3685.0,282200.0
2021-06-16,36960,3705.0,3765.0,3630.0,3695.0,0,0,205100.0,757879500.0,1.0,3705.0,3765.0,3630.0,3695.0,205100.0
2021-06-17,36960,3650.0,3650.0,3520.0,3615.0,0,0,209000.0,747553000.0,1.0,3650.0,3650.0,3520.0,3615.0,209000.0
2021-06-18,36960,3685.0,3780.0,3520.0,3555.0,0,0,343600.0,1251387500.0,1.0,3685.0,3780.0,3520.0,3555.0,343600.0
2021-06-21,36960,3415.0,3450.0,3300.0,3345.0,0,0,368500.0,1241682500.0,1.0,3415.0,3450.0,3300.0,3345.0,368500.0
2021-06-22,36960,3410.0,3430.0,3335.0,3365.0,0,0,224300.0,758232000.0,1.0,3410.0,3430.0,3335.0,3365.0,224300.0
2021-06-23,36960,3395.0,3430.0,3255.0,3290.0,0,0,245600.0,814897500.0,1.0,3395.0,3430.0,3255.0,3290.0,245600.0
2021-06-24,36960,3305.0,3310.0,3210.0,3230.0,0,0,170800.0,555293000.0,1.0,3305.0,3310.0,3210.0,3230.0,170800.0
2021-06-25,36960,3280.0,3365.0,3280.0,3315.0,0,0,168700.0,560125500.0,1.0,3280.0,3365.0,3280.0,3315.0,168700.0
2021-06-28,36960,3295.0,3390.0,3225.0,3385.0,0,0,168700.0,563503000.0,1.0,3295.0,3390.0,3225.0,3385.0,168700.0
2021-06-29,36960,3440.0,3480.0,3340.0,3345.0,0,0,189400.0,641556000.0,1.0,3440.0,3480.0,3340.0,3345.0,189400.0
2021-06-30,36960,3400.0,3460.0,3370.0,3420.0,0,0,185900.0,635620500.0,1.0,3400.0,3460.0,3370.0,3420.0,185900.0
2021-07-01,36960,3440.0,3440.0,3310.0,3315.0,0,0,123600.0,414114500.0,1.0,3440.0,3440.0,3310.0,3315.0,123600.0
2021-07-02,36960,3290.0,3345.0,3255.0,3320.0,0,0,106900.0,352750000.0,1.0,3290.0,3345.0,3255.0,3320.0,106900.0
2021-07-05,36960,3300.0,3305.0,3180.0,3200.0,0,0,172900.0,557782500.0,1.0,3300.0,3305.0,3180.0,3200.0,172900.0
2021-07-06,36960,3180.0,3235.0,3155.0,3205.0,0,0,127500.0,407738500.0,1.0,3180.0,3235.0,3155.0,3205.0,127500.0
2021-07-07,36960,3140.0,3240.0,3140.0,3170.0,0,0,90700.0,289886000.0,1.0,3140.0,3240.0,3140.0,3170.0,90700.0
2021-07-08,36960,3170.0,3185.0,3050.0,3075.0,0,0,141300.0,436325000.0,1.0,3170.0,3185.0,3050.0,3075.0,141300.0
2021-07-09,36960,3005.0,3105.0,2982.0,3100.0,0,0,198300.0,606121700.0,1.0,3005.0,3105.0,2982.0,3100.0,198300.0
2021-07-12,36960,3200.0,3280.0,3165.0,3240.0,0,0,165000.0,533001500.0,1.0,3200.0,3280.0,3165.0,3240.0,165000.0
2021-07-13,36960,3280.0,3305.0,3245.0,3285.0,0,0,100300.0,329022000.0,1.0,3280.0,3305.0,3245.0,3285.0,100300.0
2021-07-14,36960,3280.0,3350.0,3265.0,3340.0,0,0,93600.0,311459000.0,1.0,3280.0,3350.0,3265.0,3340.0,93600.0
2021-07-15,36960,3325.0,3325.0,3225.0,3230.0,0,0,132900.0,432436000.0,1.0,3325.0,3325.0,3225.0,3230.0,132900.0
2021-07-16,36960,3220.0,3285.0,3195.0,3265.0,0,0,87100.0,283724500.0,1.0,3220.0,3285.0,3195.0,3265.0,87100.0
2021-07-19,36960,3255.0,3255.0,3140.0,3170.0,0,0,103100.0,328128500.0,1.0,3255.0,3255.0,3140.0,3170.0,103100.0
2021-07-20,36960,3145.0,3220.0,3115.0,3125.0,0,0,148700.0,470368000.0,1.0,3145.0,3220.0,3115.0,3125.0,148700.0
2021-07-21,36960,3220.0,3270.0,3125.0,3155.0,0,0,138800.0,443504500.0,1.0,3220.0,3270.0,3125.0,3155.0,138800.0
2021-07-26,36960,3275.0,3450.0,3255.0,3360.0,0,0,361600.0,1217811500.0,1.0,3275.0,3450.0,3255.0,3360.0,361600.0
2021-07-27,36960,3365.0,3445.0,3310.0,3340.0,0,0,208900.0,705639000.0,1.0,3365.0,3445.0,3310.0,3340.0,208900.0
2021-07-28,36960,3330.0,3340.0,3190.0,3200.0,0,0,211600.0,685827500.0,1.0,3330.0,3340.0,3190.0,3200.0,211600.0
2021-07-29,36960,3240.0,3345.0,3225.0,3330.0,0,0,210400.0,695036500.0,1.0,3240.0,3345.0,3225.0,3330.0,210400.0
2021-07-30,36960,3290.0,3300.0,3080.0,3120.0,0,0,500700.0,1568548500.0,1.0,3290.0,3300.0,3080.0,3120.0,500700.0
2021-08-02,36960,3120.0,3120.0,2985.0,3095.0,0,0,262500.0,801539400.0,1.0,3120.0,3120.0,2985.0,3095.0,262500.0
2021-08-03,36960,3065.0,3155.0,3050.0,3130.0,0,0,100300.0,312214500.0,1.0,3065.0,3155.0,3050.0,3130.0,100300.0
2021-08-04,36960,3100.0,3170.0,3055.0,3065.0,0,0,131500.0,405612000.0,1.0,3100.0,3170.0,3055.0,3065.0,131500.0
2021-08-05,36960,3035.0,3080.0,2960.0,2982.0,0,0,182000.0,546039400.0,1.0,3035.0,3080.0,2960.0,2982.0,182000.0
2021-08-06,36960,3025.0,3065.0,2972.0,2982.0,0,0,168900.0,506910700.0,1.0,3025.0,3065.0,2972.0,2982.0,168900.0
2021-08-10,36960,3150.0,3255.0,3105.0,3250.0,0,0,427800.0,1367722500.0,1.0,3150.0,3255.0,3105.0,3250.0,427800.0
2021-08-11,36960,3250.0,3250.0,3115.0,3215.0,0,0,528400.0,1682306000.0,1.0,3250.0,3250.0,3115.0,3215.0,528400.0
2021-08-12,36960,2835.0,2849.0,2581.0,2626.0,0,0,2203000.0,5902299100.0,1.0,2835.0,2849.0,2581.0,2626.0,2203000.0
2021-08-13,36960,2660.0,2687.0,2556.0,2641.0,0,0,616600.0,1615543000.0,1.0,2660.0,2687.0,2556.0,2641.0,616600.0
2021-08-16,36960,2606.0,2716.0,2569.0,2680.0,0,0,555500.0,1479298800.0,1.0,2606.0,2716.0,2569.0,2680.0,555500.0
2021-08-17,36960,2661.0,2688.0,2591.0,2591.0,0,0,296200.0,778641400.0,1.0,2661.0,2688.0,2591.0,2591.0,296200.0
2021-08-18,36960,2541.0,2668.0,2488.0,2640.0,0,0,320100.0,828551200.0,1.0,2541.0,2668.0,2488.0,2640.0,320100.0
2021-08-19,36960,2590.0,2720.0,2590.0,2612.0,0,0,281000.0,748613700.0,1.0,2590.0,2720.0,2590.0,2612.0,281000.0
2021-08-20,36960,2662.0,2708.0,2570.0,2585.0,0,0,257800.0,677173500.0,1.0,2662.0,2708.0,2570.0,2585.0,257800.0
2021-08-23,36960,2626.0,2720.0,2611.0,2717.0,0,0,294200.0,787278800.0,1.0,2626.0,2720.0,2611.0,2717.0,294200.0
2021-08-24,36960,2780.0,2810.0,2725.0,2781.0,0,0,327300.0,909545300.0,1.0,2780.0,2810.0,2725.0,2781.0,327300.0
2021-08-25,36960,2780.0,2790.0,2686.0,2709.0,0,0,284000.0,774688200.0,1.0,2780.0,2790.0,2686.0,2709.0,284000.0
2021-08-26,36960,2722.0,2759.0,2687.0,2705.0,0,0,183300.0,497453400.0,1.0,2722.0,2759.0,2687.0,2705.0,183300.0
2021-08-27,36960,2695.0,2697.0,2644.0,2679.0,0,0,136800.0,365398700.0,1.0,2695.0,2697.0,2644.0,2679.0,136800.0
2021-08-30,36960,2725.0,2755.0,2700.0,2739.0,0,0,187300.0,512062900.0,1.0,2725.0,2755.0,2700.0,2739.0,187300.0
2021-08-31,36960,2770.0,2828.0,2725.0,2752.0,0,0,250000.0,692457700.0,1.0,2770.0,2828.0,2725.0,2752.0,250000.0
2021-09-01,36960,2774.0,2850.0,2739.0,2849.0,0,0,318000.0,893133800.0,1.0,2774.0,2850.0,2739.0,2849.0,318000.0
2021-09-02,36960,2890.0,2911.0,2748.0,2750.0,0,0,428300.0,1195131100.0,1.0,2890.0,2911.0,2748.0,2750.0,428300.0
2021-09-03,36960,3000.0,3250.0,2987.0,3250.0,1,0,1331900.0,4242993200.0,1.0,3000.0,3250.0,2987.0,3250.0,1331900.0
2021-09-06,36960,3340.0,3375.0,3090.0,3300.0,0,0,1450300.0,4740803500.0,1.0,3340.0,3375.0,3090.0,3300.0,1450300.0
2021-09-07,36960,3290.0,3355.0,3205.0,3230.0,0,0,448100.0,1459741500.0,1.0,3290.0,3355.0,3205.0,3230.0,448100.0
2021-09-08,36960,3120.0,3180.0,3035.0,3100.0,0,0,541600.0,1679070500.0,1.0,3120.0,3180.0,3035.0,3100.0,541600.0
2021-09-09,36960,3030.0,3065.0,2951.0,2982.0,0,0,423600.0,1271853000.0,1.0,3030.0,3065.0,2951.0,2982.0,423600.0
2021-09-10,36960,3005.0,3085.0,2983.0,3070.0,0,0,261100.0,795919400.0,1.0,3005.0,3085.0,2983.0,3070.0,261100.0
2021-09-13,36960,3035.0,3075.0,2993.0,3075.0,0,0,183300.0,557455600.0,1.0,3035.0,3075.0,2993.0,3075.0,183300.0
2021-09-14,36960,3060.0,3085.0,3030.0,3075.0,0,0,137300.0,419694500.0,1.0,3060.0,3085.0,3030.0,3075.0,137300.0
2021-09-15,36960,3025.0,3065.0,2974.0,2976.0,0,0,221700.0,665472000.0,1.0,3025.0,3065.0,2974.0,2976.0,221700.0
2021-09-16,36960,2976.0,3010.0,2824.0,2852.0,0,0,397000.0,1148307000.0,1.0,2976.0,3010.0,2824.0,2852.0,397000.0
2021-09-17,36960,2902.0,2964.0,2881.0,2919.0,0,0,235600.0,690126100.0,1.0,2902.0,2964.0,2881.0,2919.0,235600.0
2021-09-21,36960,2719.0,2780.0,2705.0,2705.0,0,0,419000.0,1145212400.0,1.0,2719.0,2780.0,2705.0,2705.0,419000.0
2021-09-22,36960,2669.0,2693.0,2606.0,2618.0,0,0,394400.0,1042532600.0,1.0,2669.0,2693.0,2606.0,2618.0,394400.0
2021-09-24,36960,2714.0,2763.0,2702.0,2737.0,0,0,309400.0,845022000.0,1.0,2714.0,2763.0,2702.0,2737.0,309400.0
2021-09-27,36960,2719.0,2765.0,2696.0,2741.0,0,0,183800.0,502860800.0,1.0,2719.0,2765.0,2696.0,2741.0,183800.0
2021-09-28,36960,2751.0,2760.0,2658.0,2695.0,0,0,184100.0,496054800.0,1.0,2751.0,2760.0,2658.0,2695.0,184100.0
2021-09-29,36960,2634.0,2720.0,2632.0,2709.0,0,0,232900.0,626255600.0,1.0,2634.0,2720.0,2632.0,2709.0,232900.0
2021-09-30,36960,2691.0,2695.0,2613.0,2667.0,0,0,291100.0,772206500.0,1.0,2691.0,2695.0,2613.0,2667.0,291100.0
2021-10-01,36960,2637.0,2702.0,2622.0,2678.0,0,0,195500.0,522061700.0,1.0,2637.0,2702.0,2622.0,2678.0,195500.0
2021-10-04,36960,2727.0,2732.0,2572.0,2606.0,0,0,303800.0,801170800.0,1.0,2727.0,2732.0,2572.0,2606.0,303800.0
2021-10-05,36960,2570.0,2576.0,2451.0,2539.0,0,0,329500.0,830396800.0,1.0,2570.0,2576.0,2451.0,2539.0,329500.0
2021-10-06,36960,2589.0,2720.0,2560.0,2570.0,0,0,390700.0,1024796300.0,1.0,2589.0,2720.0,2560.0,2570.0,390700.0
2021-10-07,36960,2690.0,2825.0,2688.0,2705.0,0,0,551100.0,1516224300.0,1.0,2690.0,2825.0,2688.0,2705.0,551100.0
2021-10-08,36960,2742.0,2775.0,2695.0,2765.0,0,0,289800.0,795192600.0,1.0,2742.0,2775.0,2695.0,2765.0,289800.0
2021-10-11,36960,2798.0,2850.0,2743.0,2850.0,0,0,379400.0,1066503000.0,1.0,2798.0,2850.0,2743.0,2850.0,379400.0
2021-10-12,36960,2933.0,2933.0,2767.0,2841.0,0,0,375000.0,1060237700.0,1.0,2933.0,2933.0,2767.0,2841.0,375000.0
2021-10-13,36960,2834.0,2845.0,2745.0,2750.0,0,0,232500.0,647984900.0,1.0,2834.0,2845.0,2745.0,2750.0,232500.0
2021-10-14,36960,2761.0,2830.0,2741.0,2775.0,0,0,236900.0,659003000.0,1.0,2761.0,2830.0,2741.0,2775.0,236900.0
2021-10-15,36960,2795.0,2895.0,2758.0,2892.0,0,0,275900.0,784561300.0,1.0,2795.0,2895.0,2758.0,2892.0,275900.0
2021-10-18,36960,2955.0,3075.0,2868.0,3040.0,0,0,415100.0,1243239400.0,1.0,2955.0,3075.0,2868.0,3040.0,415100.0
2021-10-19,36960,3075.0,3110.0,3035.0,3065.0,0,0,249200.0,766101500.0,1.0,3075.0,3110.0,3035.0,3065.0,249200.0
2021-10-20,36960,3135.0,3195.0,3070.0,3070.0,0,0,285900.0,895622500.0,1.0,3135.0,3195.0,3070.0,3070.0,285900.0
2021-10-21,36960,3105.0,3280.0,3095.0,3150.0,0,0,498600.0,1596647500.0,1.0,3105.0,3280.0,3095.0,3150.0,498600.0
2021-10-22,36960,3080.0,3100.0,2963.0,3050.0,0,0,304900.0,922182700.0,1.0,3080.0,3100.0,2963.0,3050.0,304900.0
2021-10-25,36960,2955.0,2994.0,2867.0,2988.0,0,0,268200.0,785618200.0,1.0,2955.0,2994.0,2867.0,2988.0,268200.0
2021-10-26,36960,3070.0,3080.0,2997.0,3050.0,0,0,180500.0,549060400.0,1.0,3070.0,3080.0,2997.0,3050.0,180500.0
2021-10-27,36960,3000.0,3045.0,2965.0,3035.0,0,0,116500.0,350469900.0,1.0,3000.0,3045.0,2965.0,3035.0,116500.0
2021-10-28,36960,2965.0,2968.0,2903.0,2919.0,0,0,237300.0,696029300.0,1.0,2965.0,2968.0,2903.0,2919.0,237300.0
2021-10-29,36960,2940.0,2940.0,2842.0,2847.0,0,0,297500.0,854915700.0,1.0,2940.0,2940.0,2842.0,2847.0,297500.0
2021-11-01,36960,2895.0,2940.0,2871.0,2911.0,0,0,199100.0,579063900.0,1.0,2895.0,2940.0,2871.0,2911.0,199100.0
2021-11-02,36960,2913.0,2948.0,2887.0,2898.0,0,0,136300.0,397212500.0,1.0,2913.0,2948.0,2887.0,2898.0,136300.0
2021-11-04,36960,2948.0,2961.0,2819.0,2831.0,0,0,181700.0,521773300.0,1.0,2948.0,2961.0,2819.0,2831.0,181700.0
2021-11-05,36960,2866.0,2915.0,2828.0,2904.0,0,0,202200.0,580993100.0,1.0,2866.0,2915.0,2828.0,2904.0,202200.0
2021-11-08,36960,2907.0,2910.0,2845.0,2868.0,0,0,179900.0,517149400.0,1.0,2907.0,2910.0,2845.0,2868.0,179900.0
2021-11-09,36960,2908.0,2958.0,2789.0,2834.0,0,0,308800.0,881977300.0,1.0,2908.0,2958.0,2789.0,2834.0,308800.0
2021-11-10,36960,2839.0,2903.0,2800.0,2858.0,0,0,453400.0,1290704200.0,1.0,2839.0,2903.0,2800.0,2858.0,453400.0
2021-11-11,36960,2450.0,2515.0,2385.0,2404.0,0,0,1231400.0,3008458100.0,1.0,2450.0,2515.0,2385.0,2404.0,1231400.0
2021-11-12,36960,2410.0,2604.0,2403.0,2589.0,0,0,651500.0,1643243300.0,1.0,2410.0,2604.0,2403.0,2589.0,651500.0
2021-11-15,36960,2599.0,2699.0,2599.0,2641.0,0,0,333700.0,880808700.0,1.0,2599.0,2699.0,2599.0,2641.0,333700.0
2021-11-16,36960,2639.0,2656.0,2605.0,2627.0,0,0,209800.0,552068000.0,1.0,2639.0,2656.0,2605.0,2627.0,209800.0
2021-11-17,36960,2605.0,2650.0,2539.0,2567.0,0,0,259500.0,670293800.0,1.0,2605.0,2650.0,2539.0,2567.0,259500.0
2021-11-18,36960,2551.0,2584.0,2486.0,2502.0,0,0,166400.0,419560000.0,1.0,2551.0,2584.0,2486.0,2502.0,166400.0
2021-11-19,36960,2480.0,2522.0,2421.0,2468.0,0,0,168000.0,413466800.0,1.0,2480.0,2522.0,2421.0,2468.0,168000.0
2021-11-22,36960,2460.0,2511.0,2451.0,2496.0,0,0,115300.0,287239900.0,1.0,2460.0,2511.0,2451.0,2496.0,115300.0
2021-11-24,36960,2520.0,2521.0,2423.0,2441.0,0,0,178400.0,437854700.0,1.0,2520.0,2521.0,2423.0,2441.0,178400.0
2021-11-25,36960,2476.0,2514.0,2412.0,2414.0,0,0,133700.0,327403300.0,1.0,2476.0,2514.0,2412.0,2414.0,133700.0
2021-11-26,36960,2418.0,2420.0,2293.0,2326.0,0,0,229600.0,537569500.0,1.0,2418.0,2420.0,2293.0,2326.0,229600.0
2021-11-29,36960,2242.0,2348.0,2240.0,2268.0,0,0,194600.0,445114800.0,1.0,2242.0,2348.0,2240.0,2268.0,194600.0
2021-11-30,36960,2325.0,2388.0,2250.0,2252.0,0,0,286200.0,663526200.0,1.0,2325.0,2388.0,2250.0,2252.0,286200.0
2021-12-01,36960,2279.0,2308.0,2156.0,2269.0,0,0,233500.0,525016200.0,1.0,2279.0,2308.0,2156.0,2269.0,233500.0
2021-12-02,36960,2226.0,2249.0,2156.0,2184.0,0,0,253400.0,555929800.0,1.0,2226.0,2249.0,2156.0,2184.0,253400.0
2021-12-03,36960,2204.0,2300.0,2186.0,2300.0,0,0,187000.0,421964200.0,1.0,2204.0,2300.0,2186.0,2300.0,187000.0
2021-12-06,36960,2266.0,2318.0,2250.0,2305.0,0,0,184100.0,421420600.0,1.0,2266.0,2318.0,2250.0,2305.0,184100.0
2021-12-07,36960,2354.0,2455.0,2347.0,2450.0,0,0,171500.0,414887200.0,1.0,2354.0,2455.0,2347.0,2450.0,171500.0
2021-12-08,36960,2497.0,2517.0,2471.0,2495.0,0,0,161000.0,402099100.0,1.0,2497.0,2517.0,2471.0,2495.0,161000.0
2021-12-09,36960,2500.0,2549.0,2472.0,2500.0,0,0,140500.0,352154800.0,1.0,2500.0,2549.0,2472.0,2500.0,140500.0
2021-12-10,36960,2475.0,2508.0,2413.0,2472.0,0,0,111200.0,274576300.0,1.0,2475.0,2508.0,2413.0,2472.0,111200.0
2021-12-13,36960,2459.0,2462.0,2359.0,2429.0,0,0,181500.0,437140100.0,1.0,2459.0,2462.0,2359.0,2429.0,181500.0
2021-12-14,36960,2412.0,2440.0,2361.0,2402.0,0,0,110500.0,264392800.0,1.0,2412.0,2440.0,2361.0,2402.0,110500.0
2021-12-15,36960,2439.0,2543.0,2437.0,2506.0,0,0,200700.0,501619100.0,1.0,2439.0,2543.0,2437.0,2506.0,200700.0
2021-12-16,36960,2549.0,2570.0,2480.0,2502.0,0,0,153100.0,384470800.0,1.0,2549.0,2570.0,2480.0,2502.0,153100.0
2021-12-17,36960,2492.0,2492.0,2411.0,2446.0,0,0,140700.0,344229100.0,1.0,2492.0,2492.0,2411.0,2446.0,140700.0
2021-12-20,36960,2431.0,2452.0,2377.0,2384.0,0,0,115200.0,276901100.0,1.0,2431.0,2452.0,2377.0,2384.0,115200.0
2021-12-21,36960,2383.0,2407.0,2298.0,2381.0,0,0,132800.0,313835400.0,1.0,2383.0,2407.0,2298.0,2381.0,132800.0
2021-12-22,36960,2400.0,2544.0,2395.0,2536.0,0,0,336500.0,841682400.0,1.0,2400.0,2544.0,2395.0,2536.0,336500.0
2021-12-23,36960,2544.0,2590.0,2521.0,2580.0,0,0,151600.0,389338900.0,1.0,2544.0,2590.0,2521.0,2580.0,151600.0
2021-12-24,36960,2680.0,2750.0,2511.0,2562.0,0,0,761200.0,2003369700.0,1.0,2680.0,2750.0,2511.0,2562.0,761200.0
2021-12-27,36960,2512.0,2545.0,2475.0,2512.0,0,0,156900.0,393195700.0,1.0,2512.0,2545.0,2475.0,2512.0,156900.0
2021-12-28,36960,2520.0,2535.0,2405.0,2450.0,0,0,276200.0,675293200.0,1.0,2520.0,2535.0,2405.0,2450.0,276200.0
2021-12-29,36960,2450.0,2493.0,2421.0,2465.0,0,0,139900.0,344410100.0,1.0,2450.0,2493.0,2421.0,2465.0,139900.0
2021-12-30,36960,2471.0,2480.0,2409.0,2444.0,0,0,128400.0,313913200.0,1.0,2471.0,2480.0,2409.0,2444.0,128400.0
2022-01-04,36960,2452.0,2471.0,2400.0,2413.0,0,0,140700.0,339870200.0,1.0,2452.0,2471.0,2400.0,2413.0,140700.0
2022-01-05,36960,2404.0,2410.0,2280.0,2298.0,0,0,234700.0,545860500.0,1.0,2404.0,2410.0,2280.0,2298.0,234700.0
2022-01-06,36960,2232.0,2236.0,2162.0,2167.0,0,0,294800.0,646981700.0,1.0,2232.0,2236.0,2162.0,2167.0,294800.0
2022-01-07,36960,2207.0,2235.0,2134.0,2190.0,0,0,169700.0,368973600.0,1.0,2207.0,2235.0,2134.0,2190.0,169700.0
2022-01-11,36960,2170.0,2190.0,2110.0,2189.0,0,0,104000.0,224084400.0,1.0,2170.0,2190.0,2110.0,2189.0,104000.0
2022-01-12,36960,2226.0,2277.0,2212.0,2253.0,0,0,139500.0,314455900.0,1.0,2226.0,2277.0,2212.0,2253.0,139500.0
2022-01-13,36960,2254.0,2257.0,2198.0,2202.0,0,0,113800.0,252188400.0,1.0,2254.0,2257.0,2198.0,2202.0,113800.0
2022-01-14,36960,2201.0,2201.0,2113.0,2150.0,0,0,139700.0,299667800.0,1.0,2201.0,2201.0,2113.0,2150.0,139700.0
2022-01-17,36960,2132.0,2155.0,2087.0,2114.0,0,0,128900.0,272507400.0,1.0,2132.0,2155.0,2087.0,2114.0,128900.0
2022-01-18,36960,2119.0,2181.0,2104.0,2137.0,0,0,113100.0,242076700.0,1.0,2119.0,2181.0,2104.0,2137.0,113100.0
2022-01-19,36960,2075.0,2107.0,2011.0,2025.0,0,0,178300.0,365437800.0,1.0,2075.0,2107.0,2011.0,2025.0,178300.0
2022-01-20,36960,2005.0,2074.0,1994.0,2063.0,0,0,134400.0,273951700.0,1.0,2005.0,2074.0,1994.0,2063.0,134400.0
2022-01-21,36960,2013.0,2045.0,1982.0,2039.0,0,0,162300.0,325710800.0,1.0,2013.0,2045.0,1982.0,2039.0,162300.0
2022-01-24,36960,1989.0,1995.0,1945.0,1989.0,0,0,192000.0,378683900.0,1.0,1989.0,1995.0,1945.0,1989.0,192000.0
2022-01-25,36960,1986.0,1999.0,1850.0,1863.0,0,0,275100.0,522175700.0,1.0,1986.0,1999.0,1850.0,1863.0,275100.0
2022-01-26,36960,1857.0,1937.0,1851.0,1917.0,0,0,150000.0,284091500.0,1.0,1857.0,1937.0,1851.0,1917.0,150000.0
2022-01-27,36960,1912.0,1942.0,1765.0,1783.0,0,0,262600.0,477156500.0,1.0,1912.0,1942.0,1765.0,1783.0,262600.0
2022-01-28,36960,1800.0,1805.0,1707.0,1766.0,0,0,284700.0,499807700.0,1.0,1800.0,1805.0,1707.0,1766.0,284700.0
2022-01-31,36960,1768.0,1875.0,1768.0,1860.0,0,0,220700.0,407416100.0,1.0,1768.0,1875.0,1768.0,1860.0,220700.0
2022-02-01,36960,1940.0,1973.0,1911.0,1920.0,0,0,243700.0,473377500.0,1.0,1940.0,1973.0,1911.0,1920.0,243700.0
2022-02-02,36960,1956.0,2035.0,1948.0,2029.0,0,0,163300.0,327821800.0,1.0,1956.0,2035.0,1948.0,2029.0,163300.0
2022-02-03,36960,1979.0,2009.0,1959.0,1998.0,0,0,135400.0,269139400.0,1.0,1979.0,2009.0,1959.0,1998.0,135400.0
2022-02-04,36960,1958.0,2018.0,1931.0,2007.0,0,0,136300.0,269030600.0,1.0,1958.0,2018.0,1931.0,2007.0,136300.0
2022-02-07,36960,2047.0,2061.0,1897.0,1897.0,0,0,356100.0,687193500.0,1.0,2047.0,2061.0,1897.0,1897.0,356100.0
2022-02-08,36960,1888.0,1975.0,1880.0,1913.0,0,0,131900.0,254302500.0,1.0,1888.0,1975.0,1880.0,1913.0,131900.0
2022-02-09,36960,1950.0,1971.0,1837.0,1935.0,0,0,304700.0,579286000.0,1.0,1950.0,1971.0,1837.0,1935.0,304700.0
2022-02-10,36960,1970.0,2046.0,1881.0,1902.0,0,0,324100.0,627964700.0,1.0,1970.0,2046.0,1881.0,1902.0,324100.0
2022-02-14,36960,1502.0,1502.0,1502.0,1502.0,0,1,64000.0,96128000.0,1.0,1502.0,1502.0,1502.0,1502.0,64000.0
2022-02-15,36960,1400.0,1522.0,1400.0,1484.0,0,0,685600.0,1001537700.0,1.0,1400.0,1522.0,1400.0,1484.0,685600.0
2022-02-16,36960,1503.0,1519.0,1444.0,1488.0,0,0,437500.0,647510800.0,1.0,1503.0,1519.0,1444.0,1488.0,437500.0
2022-02-17,36960,1486.0,1498.0,1397.0,1409.0,0,0,337700.0,484438700.0,1.0,1486.0,1498.0,1397.0,1409.0,337700.0
2022-02-18,36960,1366.0,1402.0,1353.0,1375.0,0,0,284200.0,391364900.0,1.0,1366.0,1402.0,1353.0,1375.0,284200.0
2022-02-21,36960,1341.0,1369.0,1300.0,1321.0,0,0,293000.0,388043700.0,1.0,1341.0,1369.0,1300.0,1321.0,293000.0
2022-02-22,36960,1276.0,1298.0,1225.0,1232.0,0,0,447400.0,559567700.0,1.0,1276.0,1298.0,1225.0,1232.0,447400.0
2022-02-24,36960,1219.0,1263.0,1212.0,1215.0,0,0,318300.0,391136500.0,1.0,1219.0,1263.0,1212.0,1215.0,318300.0
2022-02-25,36960,1275.0,1351.0,1263.0,1333.0,0,0,278900.0,366556000.0,1.0,1275.0,1351.0,1263.0,1333.0,278900.0
2022-02-28,36960,1360.0,1380.0,1306.0,1377.0,0,0,195600.0,264566800.0,1.0,1360.0,1380.0,1306.0,1377.0,195600.0
2022-03-01,36960,1467.0,1534.0,1461.0,1507.0,0,0,370200.0,553295100.0,1.0,1467.0,1534.0,1461.0,1507.0,370200.0
2022-03-02,36960,1445.0,1481.0,1412.0,1444.0,0,0,228600.0,329148900.0,1.0,1445.0,1481.0,1412.0,1444.0,228600.0
2022-03-03,36960,1451.0,1452.0,1380.0,1388.0,0,0,246400.0,344801100.0,1.0,1451.0,1452.0,1380.0,1388.0,246400.0
2022-03-04,36960,1352.0,1369.0,1325.0,1343.0,0,0,186200.0,250404400.0,1.0,1352.0,1369.0,1325.0,1343.0,186200.0
2022-03-07,36960,1283.0,1317.0,1257.0,1301.0,0,0,216700.0,278597400.0,1.0,1283.0,1317.0,1257.0,1301.0,216700.0
2022-03-08,36960,1306.0,1359.0,1279.0,1294.0,0,0,323900.0,424166100.0,1.0,1306.0,1359.0,1279.0,1294.0,323900.0
2022-03-09,36960,1294.0,1320.0,1252.0,1258.0,0,0,212600.0,271054300.0,1.0,1294.0,1320.0,1252.0,1258.0,212600.0
2022-03-10,36960,1316.0,1353.0,1314.0,1349.0,0,0,186600.0,249549600.0,1.0,1316.0,1353.0,1314.0,1349.0,186600.0
2022-03-11,36960,1319.0,1337.0,1299.0,1318.0,0,0,116200.0,152956400.0,1.0,1319.0,1337.0,1299.0,1318.0,116200.0
2022-03-14,36960,1290.0,1334.0,1267.0,1306.0,0,0,145800.0,190112600.0,1.0,1290.0,1334.0,1267.0,1306.0,145800.0
2022-03-15,36960,1280.0,1314.0,1263.0,1298.0,0,0,99500.0,129022700.0,1.0,1280.0,1314.0,1263.0,1298.0,99500.0
2022-03-16,36960,1328.0,1337.0,1292.0,1330.0,0,0,206900.0,272000900.0,1.0,1328.0,1337.0,1292.0,1330.0,206900.0
2022-03-17,36960,1390.0,1426.0,1383.0,1415.0,0,0,193700.0,273109900.0,1.0,1390.0,1426.0,1383.0,1415.0,193700.0
2022-03-18,36960,1414.0,1470.0,1414.0,1468.0,0,0,173200.0,252009500.0,1.0,1414.0,1470.0,1414.0,1468.0,173200.0
2022-03-22,36960,1468.0,1468.0,1419.0,1427.0,0,0,134300.0,193333000.0,1.0,1468.0,1468.0,1419.0,1427.0,134300.0
2022-03-23,36960,1465.0,1565.0,1465.0,1533.0,0,0,300300.0,459732900.0,1.0,1465.0,1565.0,1465.0,1533.0,300300.0
2022-03-24,36960,1501.0,1557.0,1496.0,1554.0,0,0,171000.0,261473500.0,1.0,1501.0,1557.0,1496.0,1554.0,171000.0
2022-03-25,36960,1579.0,1588.0,1512.0,1549.0,0,0,180500.0,278605300.0,1.0,1579.0,1588.0,1512.0,1549.0,180500.0
2022-03-28,36960,1570.0,1570.0,1505.0,1520.0,0,0,135700.0,207287900.0,1.0,1570.0,1570.0,1505.0,1520.0,135700.0
2022-03-29,36960,1508.0,1585.0,1497.0,1585.0,0,0,159000.0,247587800.0,1.0,1508.0,1585.0,1497.0,1585.0,159000.0
2022-03-30,36960,1615.0,1677.0,1600.0,1671.0,0,0,256900.0,423719700.0,1.0,1615.0,1677.0,1600.0,1671.0,256900.0
2022-03-31,36960,1648.0,1670.0,1632.0,1641.0,0,0,157200.0,259517900.0,1.0,1648.0,1670.0,1632.0,1641.0,157200.0
2022-04-01,36960,1614.0,1632.0,1586.0,1617.0,0,0,176500.0,284533800.0,1.0,1614.0,1632.0,1586.0,1617.0,176500.0
2022-04-04,36960,1650.0,1727.0,1628.0,1727.0,0,0,202200.0,342270300.0,1.0,1650.0,1727.0,1628.0,1727.0,202200.0
2022-04-05,36960,1750.0,1761.0,1700.0,1709.0,0,0,210700.0,363149900.0,1.0,1750.0,1761.0,1700.0,1709.0,210700.0
2022-04-06,36960,1660.0,1681.0,1633.0,1666.0,0,0,160100.0,264944700.0,1.0,1660.0,1681.0,1633.0,1666.0,160100.0
2022-04-07,36960,1610.0,1616.0,1567.0,1577.0,0,0,161400.0,256065900.0,1.0,1610.0,1616.0,1567.0,1577.0,161400.0
2022-04-08,36960,1580.0,1600.0,1546.0,1583.0,0,0,127300.0,200293500.0,1.0,1580.0,1600.0,1546.0,1583.0,127300.0
2022-04-11,36960,1549.0,1552.0,1505.0,1506.0,0,0,138300.0,210281400.0,1.0,1549.0,1552.0,1505.0,1506.0,138300.0
2022-04-12,36960,1466.0,1524.0,1456.0,1488.0,0,0,134300.0,200299000.0,1.0,1466.0,1524.0,1456.0,1488.0,134300.0
2022-04-13,36960,1493.0,1531.0,1491.0,1531.0,0,0,144400.0,219329000.0,1.0,1493.0,1531.0,1491.0,1531.0,144400.0
2022-04-14,36960,1535.0,1562.0,1507.0,1507.0,0,0,95500.0,145051200.0,1.0,1535.0,1562.0,1507.0,1507.0,95500.0
2022-04-15,36960,1488.0,1494.0,1466.0,1479.0,0,0,82000.0,121399500.0,1.0,1488.0,1494.0,1466.0,1479.0,82000.0
2022-04-18,36960,1477.0,1486.0,1452.0,1481.0,0,0,63600.0,93479200.0,1.0,1477.0,1486.0,1452.0,1481.0,63600.0
2022-04-19,36960,1477.0,1503.0,1464.0,1499.0,0,0,69100.0,102713000.0,1.0,1477.0,1503.0,1464.0,1499.0,69100.0
2022-04-20,36960,1520.0,1521.0,1471.0,1472.0,0,0,73500.0,109193900.0,1.0,1520.0,1521.0,1471.0,1472.0,73500.0
2022-04-21,36960,1468.0,1493.0,1456.0,1468.0,0,0,48200.0,70969800.0,1.0,1468.0,1493.0,1456.0,1468.0,48200.0
2022-04-22,36960,1439.0,1442.0,1414.0,1423.0,0,0,79200.0,112808000.0,1.0,1439.0,1442.0,1414.0,1423.0,79200.0
2022-04-25,36960,1413.0,1470.0,1406.0,1452.0,0,0,148400.0,215506000.0,1.0,1413.0,1470.0,1406.0,1452.0,148400.0
2022-04-26,36960,1470.0,1506.0,1461.0,1500.0,0,0,87300.0,129894600.0,1.0,1470.0,1506.0,1461.0,1500.0,87300.0
2022-04-27,36960,1460.0,1460.0,1422.0,1444.0,0,0,122100.0,175659800.0,1.0,1460.0,1460.0,1422.0,1444.0,122100.0
2022-04-28,36960,1441.0,1464.0,1423.0,1455.0,0,0,109700.0,158881500.0,1.0,1441.0,1464.0,1423.0,1455.0,109700.0
2022-05-02,36960,1455.0,1485.0,1442.0,1469.0,0,0,76700.0,112713900.0,1.0,1455.0,1485.0,1442.0,1469.0,76700.0
2022-05-06,36960,1469.0,1469.0,1376.0,1376.0,0,0,317700.0,443112400.0,1.0,1469.0,1469.0,1376.0,1376.0,317700.0
2022-05-09,36960,1351.0,1369.0,1320.0,1332.0,0,0,162400.0,217354300.0,1.0,1351.0,1369.0,1320.0,1332.0,162400.0
2022-05-10,36960,1329.0,1339.0,1290.0,1327.0,0,0,129600.0,170133600.0,1.0,1329.0,1339.0,1290.0,1327.0,129600.0
2022-05-11,36960,1303.0,1513.0,1303.0,1495.0,0,0,406900.0,592967300.0,1.0,1303.0,1513.0,1303.0,1495.0,406900.0
2022-05-12,36960,1443.0,1450.0,1342.0,1357.0,0,0,300500.0,416337400.0,1.0,1443.0,1450.0,1342.0,1357.0,300500.0
2022-05-13,36960,1369.0,1469.0,1359.0,1452.0,0,0,175400.0,250067800.0,1.0,1369.0,1469.0,1359.0,1452.0,175400.0
2022-05-16,36960,1452.0,1468.0,1401.0,1411.0,0,0,111600.0,158426800.0,1.0,1452.0,1468.0,1401.0,1411.0,111600.0
2022-05-17,36960,1407.0,1448.0,1395.0,1440.0,0,0,81300.0,115628400.0,1.0,1407.0,1448.0,1395.0,1440.0,81300.0
2022-05-18,36960,1431.0,1483.0,1423.0,1449.0,0,0,114600.0,166635300.0,1.0,1431.0,1483.0,1423.0,1449.0,114600.0
2022-05-19,36960,1389.0,1402.0,1372.0,1382.0,0,0,115700.0,160169400.0,1.0,1389.0,1402.0,1372.0,1382.0,115700.0
2022-05-20,36960,1392.0,1392.0,1347.0,1371.0,0,0,104300.0,142005700.0,1.0,1392.0,1392.0,1347.0,1371.0,104300.0
2022-05-23,36960,1371.0,1413.0,1349.0,1408.0,0,0,120700.0,167388700.0,1.0,1371.0,1413.0,1349.0,1408.0,120700.0
2022-05-24,36960,1409.0,1410.0,1342.0,1342.0,0,0,152100.0,207070900.0,1.0,1409.0,1410.0,1342.0,1342.0,152100.0
2022-05-25,36960,1372.0,1414.0,1351.0,1355.0,0,0,178700.0,245387200.0,1.0,1372.0,1414.0,1351.0,1355.0,178700.0
2022-05-26,36960,1349.0,1374.0,1327.0,1329.0,0,0,74800.0,100456100.0,1.0,1349.0,1374.0,1327.0,1329.0,74800.0
2022-05-27,36960,1368.0,1368.0,1279.0,1297.0,0,0,207400.0,271678600.0,1.0,1368.0,1368.0,1279.0,1297.0,207400.0
2022-05-30,36960,1322.0,1390.0,1318.0,1387.0,0,0,194200.0,266062100.0,1.0,1322.0,1390.0,1318.0,1387.0,194200.0
2022-05-31,36960,1384.0,1388.0,1345.0,1353.0,0,0,115600.0,157434400.0,1.0,1384.0,1388.0,1345.0,1353.0,115600.0
2022-06-01,36960,1350.0,1371.0,1335.0,1342.0,0,0,157400.0,212432400.0,1.0,1350.0,1371.0,1335.0,1342.0,157400.0
2022-06-02,36960,1329.0,1332.0,1284.0,1309.0,0,0,159500.0,207274700.0,1.0,1329.0,1332.0,1284.0,1309.0,159500.0
2022-06-03,36960,1330.0,1341.0,1306.0,1324.0,0,0,81800.0,108436100.0,1.0,1330.0,1341.0,1306.0,1324.0,81800.0
2022-06-06,36960,1296.0,1347.0,1281.0,1344.0,0,0,161400.0,213479700.0,1.0,1296.0,1347.0,1281.0,1344.0,161400.0
2022-06-07,36960,1321.0,1355.0,1309.0,1344.0,0,0,107800.0,144222300.0,1.0,1321.0,1355.0,1309.0,1344.0,107800.0
2022-06-08,36960,1343.0,1409.0,1339.0,1390.0,0,0,168500.0,234127600.0,1.0,1343.0,1409.0,1339.0,1390.0,168500.0
2022-06-09,36960,1370.0,1427.0,1360.0,1414.0,0,0,131300.0,185652300.0,1.0,1370.0,1427.0,1360.0,1414.0,131300.0
2022-06-10,36960,1390.0,1415.0,1365.0,1384.0,0,0,125600.0,174692100.0,1.0,1390.0,1415.0,1365.0,1384.0,125600.0
2022-06-13,36960,1342.0,1345.0,1283.0,1300.0,0,0,219700.0,287418500.0,1.0,1342.0,1345.0,1283.0,1300.0,219700.0
2022-06-14,36960,1255.0,1261.0,1198.0,1220.0,0,0,265800.0,323896800.0,1.0,1255.0,1261.0,1198.0,1220.0,265800.0
2022-06-15,36960,1194.0,1195.0,1138.0,1156.0,0,0,178500.0,206843200.0,1.0,1194.0,1195.0,1138.0,1156.0,178500.0
2022-06-16,36960,1190.0,1203.0,1125.0,1129.0,0,0,195700.0,225336600.0,1.0,1190.0,1203.0,1125.0,1129.0,195700.0
2022-06-17,36960,1086.0,1096.0,1050.0,1052.0,0,0,230700.0,245798800.0,1.0,1086.0,1096.0,1050.0,1052.0,230700.0
2022-06-20,36960,1085.0,1085.0,1018.0,1035.0,0,0,135500.0,141274400.0,1.0,1085.0,1085.0,1018.0,1035.0,135500.0
2022-06-21,36960,1038.0,1104.0,1038.0,1092.0,0,0,235500.0,253149200.0,1.0,1038.0,1104.0,1038.0,1092.0,235500.0
2022-06-22,36960,1104.0,1110.0,1064.0,1105.0,0,0,121500.0,132976000.0,1.0,1104.0,1110.0,1064.0,1105.0,121500.0
2022-06-23,36960,1082.0,1110.0,1073.0,1082.0,0,0,101600.0,110600600.0,1.0,1082.0,1110.0,1073.0,1082.0,101600.0
2022-06-24,36960,1090.0,1143.0,1090.0,1135.0,0,0,194000.0,218806400.0,1.0,1090.0,1143.0,1090.0,1135.0,194000.0
2022-06-27,36960,1157.0,1180.0,1126.0,1170.0,0,0,125700.0,145735200.0,1.0,1157.0,1180.0,1126.0,1170.0,125700.0
2022-06-28,36960,1140.0,1178.0,1140.0,1170.0,0,0,73400.0,85367200.0,1.0,1140.0,1178.0,1140.0,1170.0,73400.0
2022-06-29,36960,1146.0,1169.0,1126.0,1161.0,0,0,110000.0,126361200.0,1.0,1146.0,1169.0,1126.0,1161.0,110000.0
2022-06-30,36960,1166.0,1175.0,1150.0,1159.0,0,0,89900.0,104544000.0,1.0,1166.0,1175.0,1150.0,1159.0,89900.0
2022-07-01,36960,1146.0,1163.0,1123.0,1147.0,0,0,106900.0,121555700.0,1.0,1146.0,1163.0,1123.0,1147.0,106900.0
2022-07-04,36960,1155.0,1181.0,1137.0,1147.0,0,0,85200.0,98212900.0,1.0,1155.0,1181.0,1137.0,1147.0,85200.0
2022-07-05,36960,1155.0,1189.0,1155.0,1174.0,0,0,108800.0,128209000.0,1.0,1155.0,1189.0,1155.0,1174.0,108800.0
2022-07-06,36960,1174.0,1209.0,1174.0,1197.0,0,0,82000.0,98312700.0,1.0,1174.0,1209.0,1174.0,1197.0,82000.0
2022-07-07,36960,1195.0,1206.0,1179.0,1198.0,0,0,56100.0,67111900.0,1.0,1195.0,1206.0,1179.0,1198.0,56100.0
2022-07-08,36960,1212.0,1235.0,1199.0,1206.0,0,0,137000.0,166541400.0,1.0,1212.0,1235.0,1199.0,1206.0,137000.0
2022-07-11,36960,1236.0,1259.0,1227.0,1234.0,0,0,113200.0,140283000.0,1.0,1236.0,1259.0,1227.0,1234.0,113200.0
2022-07-12,36960,1210.0,1217.0,1182.0,1192.0,0,0,84200.0,100370400.0,1.0,1210.0,1217.0,1182.0,1192.0,84200.0
2022-07-13,36960,1193.0,1213.0,1171.0,1213.0,0,0,68700.0,82560600.0,1.0,1193.0,1213.0,1171.0,1213.0,68700.0
2022-07-14,36960,1210.0,1211.0,1181.0,1194.0,0,0,66600.0,79797600.0,1.0,1210.0,1211.0,1181.0,1194.0,66600.0
2022-07-15,36960,1188.0,1205.0,1171.0,1180.0,0,0,55500.0,65697900.0,1.0,1188.0,1205.0,1171.0,1180.0,55500.0
2022-07-19,36960,1190.0,1206.0,1177.0,1181.0,0,0,83500.0,99086700.0,1.0,1190.0,1206.0,1177.0,1181.0,83500.0
2022-07-20,36960,1219.0,1256.0,1208.0,1226.0,0,0,224000.0,277415200.0,1.0,1219.0,1256.0,1208.0,1226.0,224000.0
2022-07-21,36960,1255.0,1279.0,1248.0,1256.0,0,0,129800.0,164107000.0,1.0,1255.0,1279.0,1248.0,1256.0,129800.0
2022-07-22,36960,1248.0,1249.0,1223.0,1238.0,0,0,95100.0,117719600.0,1.0,1248.0,1249.0,1223.0,1238.0,95100.0
2022-07-25,36960,1235.0,1236.0,1208.0,1219.0,0,0,99900.0,121596800.0,1.0,1235.0,1236.0,1208.0,1219.0,99900.0
2022-07-26,36960,1208.0,1230.0,1191.0,1223.0,0,0,124500.0,150738500.0,1.0,1208.0,1230.0,1191.0,1223.0,124500.0
2022-07-27,36960,1205.0,1235.0,1173.0,1193.0,0,0,206600.0,246108600.0,1.0,1205.0,1235.0,1173.0,1193.0,206600.0
2022-07-28,36960,1199.0,1225.0,1183.0,1188.0,0,0,233100.0,278868200.0,1.0,1199.0,1225.0,1183.0,1188.0,233100.0
2022-07-29,36960,1195.0,1221.0,1169.0,1181.0,0,0,327500.0,391019300.0,1.0,1195.0,1221.0,1169.0,1181.0,327500.0
2022-08-01,36960,1182.0,1188.0,1158.0,1187.0,0,0,158300.0,185888500.0,1.0,1182.0,1188.0,1158.0,1187.0,158300.0
2022-08-02,36960,1185.0,1190.0,1142.0,1155.0,0,0,174100.0,202149000.0,1.0,1185.0,1190.0,1142.0,1155.0,174100.0
2022-08-03,36960,1157.0,1158.0,1140.0,1144.0,0,0,118900.0,136472700.0,1.0,1157.0,1158.0,1140.0,1144.0,118900.0
2022-08-04,36960,1170.0,1192.0,1148.0,1182.0,0,0,205400.0,239738800.0,1.0,1170.0,1192.0,1148.0,1182.0,205400.0
2022-08-05,36960,1198.0,1214.0,1150.0,1186.0,0,0,218600.0,261266200.0,1.0,1198.0,1214.0,1150.0,1186.0,218600.0
2022-08-08,36960,1057.0,1147.0,1050.0,1144.0,0,0,607000.0,665920600.0,1.0,1057.0,1147.0,1050.0,1144.0,607000.0
2022-08-09,36960,1146.0,1277.0,1146.0,1273.0,0,0,792700.0,986497600.0,1.0,1146.0,1277.0,1146.0,1273.0,792700.0
2022-08-10,36960,1243.0,1246.0,1192.0,1201.0,0,0,277600.0,336485300.0,1.0,1243.0,1246.0,1192.0,1201.0,277600.0
2022-08-12,36960,1231.0,1264.0,1200.0,1262.0,0,0,184900.0,230376900.0,1.0,1231.0,1264.0,1200.0,1262.0,184900.0
2022-08-15,36960,1273.0,1282.0,1234.0,1238.0,0,0,135100.0,168615300.0,1.0,1273.0,1282.0,1234.0,1238.0,135100.0
2022-08-16,36960,1231.0,1271.0,1223.0,1242.0,0,0,150700.0,188906800.0,1.0,1231.0,1271.0,1223.0,1242.0,150700.0
2022-08-17,36960,1250.0,1329.0,1246.0,1321.0,0,0,348800.0,452943600.0,1.0,1250.0,1329.0,1246.0,1321.0,348800.0
2022-08-18,36960,1291.0,1299.0,1264.0,1285.0,0,0,182800.0,233850600.0,1.0,1291.0,1299.0,1264.0,1285.0,182800.0
2022-08-19,36960,1286.0,1294.0,1255.0,1255.0,0,0,141900.0,180493500.0,1.0,1286.0,1294.0,1255.0,1255.0,141900.0
2022-08-22,36960,1228.0,1234.0,1212.0,1222.0,0,0,94000.0,114984800.0,1.0,1228.0,1234.0,1212.0,1222.0,94000.0
2022-08-23,36960,1201.0,1221.0,1196.0,1203.0,0,0,149500.0,180183800.0,1.0,1201.0,1221.0,1196.0,1203.0,149500.0
2022-08-24,36960,1213.0,1241.0,1197.0,1217.0,0,0,151000.0,184771600.0,1.0,1213.0,1241.0,1197.0,1217.0,151000.0
2022-08-25,36960,1218.0,1218.0,1191.0,1192.0,0,0,153600.0,183795400.0,1.0,1218.0,1218.0,1191.0,1192.0,153600.0
2022-08-26,36960,1205.0,1221.0,1196.0,1196.0,0,0,74500.0,89806200.0,1.0,1205.0,1221.0,1196.0,1196.0,74500.0
2022-08-29,36960,1150.0,1155.0,1141.0,1146.0,0,0,157500.0,180750400.0,1.0,1150.0,1155.0,1141.0,1146.0,157500.0
2022-08-30,36960,1148.0,1150.0,1117.0,1123.0,0,0,168000.0,189402100.0,1.0,1148.0,1150.0,1117.0,1123.0,168000.0
2022-08-31,36960,1112.0,1128.0,1109.0,1115.0,0,0,130900.0,146003500.0,1.0,1112.0,1128.0,1109.0,1115.0,130900.0
2022-09-01,36960,1100.0,1104.0,1060.0,1073.0,0,0,176300.0,189781600.0,1.0,1100.0,1104.0,1060.0,1073.0,176300.0
2022-09-02,36960,1075.0,1075.0,1031.0,1038.0,0,0,276900.0,290709800.0,1.0,1075.0,1075.0,1031.0,1038.0,276900.0
2022-09-05,36960,1035.0,1047.0,1030.0,1041.0,0,0,153900.0,159718200.0,1.0,1035.0,1047.0,1030.0,1041.0,153900.0
2022-09-06,36960,1047.0,1051.0,1016.0,1020.0,0,0,166400.0,171339500.0,1.0,1047.0,1051.0,1016.0,1020.0,166400.0
2022-09-07,36960,1007.0,1007.0,967.0,985.0,0,0,272300.0,267425200.0,1.0,1007.0,1007.0,967.0,985.0,272300.0
2022-09-08,36960,1010.0,1015.0,996.0,1010.0,0,0,184600.0,185738200.0,1.0,1010.0,1015.0,996.0,1010.0,184600.0
2022-09-09,36960,1010.0,1071.0,1008.0,1066.0,0,0,262500.0,276449100.0,1.0,1010.0,1071.0,1008.0,1066.0,262500.0
2022-09-12,36960,1091.0,1097.0,1068.0,1080.0,0,0,195300.0,210990300.0,1.0,1091.0,1097.0,1068.0,1080.0,195300.0
2022-09-13,36960,1093.0,1108.0,1071.0,1071.0,0,0,115300.0,125147000.0,1.0,1093.0,1108.0,1071.0,1071.0,115300.0
2022-09-14,36960,1017.0,1056.0,1013.0,1046.0,0,0,135700.0,141151800.0,1.0,1017.0,1056.0,1013.0,1046.0,135700.0
2022-09-15,36960,1058.0,1060.0,1030.0,1033.0,0,0,94900.0,99249400.0,1.0,1058.0,1060.0,1030.0,1033.0,94900.0
2022-09-16,36960,1027.0,1035.0,1014.0,1014.0,0,0,101700.0,103826900.0,1.0,1027.0,1035.0,1014.0,1014.0,101700.0
2022-09-20,36960,1022.0,1029.0,992.0,1011.0,0,0,132800.0,133962900.0,1.0,1022.0,1029.0,992.0,1011.0,132800.0
2022-09-21,36960,1007.0,1007.0,961.0,974.0,0,0,206100.0,200979400.0,1.0,1007.0,1007.0,961.0,974.0,206100.0
2022-09-22,36960,959.0,972.0,945.0,962.0,0,0,114200.0,109554400.0,1.0,959.0,972.0,945.0,962.0,114200.0
2022-09-26,36960,947.0,955.0,930.0,938.0,0,0,137400.0,129335500.0,1.0,947.0,955.0,930.0,938.0,137400.0
2022-09-27,36960,938.0,964.0,937.0,943.0,0,0,107200.0,101671200.0,1.0,938.0,964.0,937.0,943.0,107200.0
2022-09-28,36960,944.0,949.0,895.0,913.0,0,0,277500.0,251842100.0,1.0,944.0,949.0,895.0,913.0,277500.0
2022-09-29,36960,940.0,956.0,919.0,938.0,0,0,169400.0,159247600.0,1.0,940.0,956.0,919.0,938.0,169400.0
2022-09-30,36960,923.0,929.0,891.0,909.0,0,0,187200.0,169245800.0,1.0,923.0,929.0,891.0,909.0,187200.0
2022-10-03,36960,898.0,907.0,864.0,885.0,0,0,168800.0,149304500.0,1.0,898.0,907.0,864.0,885.0,168800.0
2022-10-04,36960,908.0,916.0,896.0,896.0,0,0,158800.0,143531900.0,1.0,908.0,916.0,896.0,896.0,158800.0
2022-10-05,36960,922.0,937.0,903.0,914.0,0,0,108200.0,99296200.0,1.0,922.0,937.0,903.0,914.0,108200.0
2022-10-06,36960,909.0,932.0,907.0,918.0,0,0,97700.0,90050500.0,1.0,909.0,932.0,907.0,918.0,97700.0
2022-10-07,36960,906.0,907.0,892.0,897.0,0,0,89900.0,80806900.0,1.0,906.0,907.0,892.0,897.0,89900.0
2022-10-11,36960,883.0,891.0,870.0,873.0,0,0,115700.0,101685600.0,1.0,883.0,891.0,870.0,873.0,115700.0
2022-10-12,36960,872.0,883.0,857.0,881.0,0,0,122800.0,107175200.0,1.0,872.0,883.0,857.0,881.0,122800.0
2022-10-13,36960,873.0,880.0,865.0,870.0,0,0,89800.0,78272900.0,1.0,873.0,880.0,865.0,870.0,89800.0
2022-10-14,36960,888.0,922.0,888.0,919.0,0,0,117600.0,106882000.0,1.0,888.0,922.0,888.0,919.0,117600.0
2022-10-17,36960,904.0,914.0,893.0,904.0,0,0,78100.0,70493500.0,1.0,904.0,914.0,893.0,904.0,78100.0
2022-10-18,36960,930.0,938.0,920.0,929.0,0,0,68600.0,63726500.0,1.0,930.0,938.0,920.0,929.0,68600.0
2022-10-19,36960,932.0,935.0,922.0,924.0,0,0,73000.0,67767200.0,1.0,932.0,935.0,922.0,924.0,73000.0
2022-10-20,36960,909.0,909.0,882.0,890.0,0,0,176400.0,157556900.0,1.0,909.0,909.0,882.0,890.0,176400.0
2022-10-21,36960,884.0,896.0,878.0,880.0,0,0,79700.0,70513000.0,1.0,884.0,896.0,878.0,880.0,79700.0
2022-10-24,36960,895.0,910.0,885.0,893.0,0,0,101200.0,91214300.0,1.0,895.0,910.0,885.0,893.0,101200.0
2022-10-25,36960,899.0,925.0,895.0,904.0,0,0,106000.0,96485000.0,1.0,899.0,925.0,895.0,904.0,106000.0
2022-10-26,36960,905.0,922.0,900.0,903.0,0,0,203700.0,185248700.0,1.0,905.0,922.0,900.0,903.0,203700.0
2022-10-27,36960,890.0,890.0,865.0,879.0,0,0,276000.0,241718800.0,1.0,890.0,890.0,865.0,879.0,276000.0
2022-10-28,36960,864.0,865.0,836.0,844.0,0,0,431000.0,364135000.0,1.0,864.0,865.0,836.0,844.0,431000.0
2022-10-31,36960,851.0,854.0,811.0,840.0,0,0,547700.0,456912300.0,1.0,851.0,854.0,811.0,840.0,547700.0
2022-11-01,36960,845.0,869.0,839.0,858.0,0,0,201600.0,172847100.0,1.0,845.0,869.0,839.0,858.0,201600.0
2022-11-02,36960,855.0,873.0,846.0,862.0,0,0,152700.0,131529500.0,1.0,855.0,873.0,846.0,862.0,152700.0
2022-11-04,36960,842.0,847.0,829.0,840.0,0,0,251300.0,210645300.0,1.0,842.0,847.0,829.0,840.0,251300.0
2022-11-07,36960,945.0,990.0,945.0,990.0,1,0,594000.0,580452500.0,1.0,945.0,990.0,945.0,990.0,594000.0
2022-11-08,36960,1000.0,1055.0,991.0,992.0,0,0,948800.0,963736600.0,1.0,1000.0,1055.0,991.0,992.0,948800.0
2022-11-09,36960,980.0,989.0,944.0,947.0,0,0,366000.0,352852400.0,1.0,980.0,989.0,944.0,947.0,366000.0
2022-11-10,36960,907.0,915.0,888.0,890.0,0,0,295200.0,265567800.0,1.0,907.0,915.0,888.0,890.0,295200.0
2022-11-11,36960,927.0,976.0,925.0,976.0,0,0,300600.0,288015800.0,1.0,927.0,976.0,925.0,976.0,300600.0
2022-11-14,36960,961.0,966.0,946.0,947.0,0,0,144000.0,137451400.0,1.0,961.0,966.0,946.0,947.0,144000.0
2022-11-15,36960,936.0,954.0,927.0,946.0,0,0,130800.0,123665200.0,1.0,936.0,954.0,927.0,946.0,130800.0
2022-11-16,36960,974.0,1010.0,962.0,993.0,0,0,386200.0,379757000.0,1.0,974.0,1010.0,962.0,993.0,386200.0
2022-11-17,36960,980.0,983.0,953.0,956.0,0,0,175200.0,169628500.0,1.0,980.0,983.0,953.0,956.0,175200.0
2022-11-18,36960,971.0,979.0,959.0,962.0,0,0,135800.0,131132300.0,1.0,971.0,979.0,959.0,962.0,135800.0
2022-11-21,36960,976.0,985.0,955.0,983.0,0,0,135800.0,132103700.0,1.0,976.0,985.0,955.0,983.0,135800.0
2022-11-22,36960,974.0,974.0,945.0,947.0,0,0,194500.0,185829100.0,1.0,974.0,974.0,945.0,947.0,194500.0
2022-11-24,36960,969.0,1025.0,966.0,1020.0,0,0,301600.0,303168200.0,1.0,969.0,1025.0,966.0,1020.0,301600.0
2022-11-25,36960,1033.0,1047.0,1024.0,1032.0,0,0,260500.0,269721900.0,1.0,1033.0,1047.0,1024.0,1032.0,260500.0
2022-11-28,36960,1018.0,1019.0,992.0,998.0,0,0,254200.0,255939000.0,1.0,1018.0,1019.0,992.0,998.0,254200.0
2022-11-29,36960,1001.0,1006.0,987.0,996.0,0,0,121800.0,121490300.0,1.0,1001.0,1006.0,987.0,996.0,121800.0
2022-11-30,36960,990.0,990.0,953.0,958.0,0,0,203900.0,196457300.0,1.0,990.0,990.0,953.0,958.0,203900.0
2022-12-01,36960,981.0,985.0,951.0,951.0,0,0,109300.0,105658900.0,1.0,981.0,985.0,951.0,951.0,109300.0
2022-12-02,36960,950.0,956.0,933.0,946.0,0,0,113300.0,107340200.0,1.0,950.0,956.0,933.0,946.0,113300.0
2022-12-05,36960,953.0,956.0,938.0,942.0,0,0,66600.0,62912900.0,1.0,953.0,956.0,938.0,942.0,66600.0
2022-12-06,36960,932.0,939.0,916.0,928.0,0,0,86700.0,80503100.0,1.0,932.0,939.0,916.0,928.0,86700.0
2022-12-07,36960,921.0,947.0,921.0,930.0,0,0,66400.0,62011100.0,1.0,921.0,947.0,921.0,930.0,66400.0
2022-12-08,36960,930.0,938.0,923.0,937.0,0,0,84100.0,78255000.0,1.0,930.0,938.0,923.0,937.0,84100.0
2022-12-09,36960,943.0,957.0,937.0,940.0,0,0,70700.0,67032200.0,1.0,943.0,957.0,937.0,940.0,70700.0
2022-12-12,36960,933.0,941.0,926.0,928.0,0,0,92600.0,86322300.0,1.0,933.0,941.0,926.0,928.0,92600.0
2022-12-13,36960,943.0,951.0,929.0,933.0,0,0,73500.0,69073800.0,1.0,943.0,951.0,929.0,933.0,73500.0
2022-12-14,36960,938.0,944.0,933.0,938.0,0,0,64500.0,60401100.0,1.0,938.0,944.0,933.0,938.0,64500.0
2022-12-15,36960,930.0,931.0,916.0,926.0,0,0,108400.0,100076200.0,1.0,930.0,931.0,916.0,926.0,108400.0
2022-12-16,36960,910.0,923.0,905.0,914.0,0,0,104300.0,95458400.0,1.0,910.0,923.0,905.0,914.0,104300.0
2022-12-19,36960,907.0,914.0,901.0,910.0,0,0,124400.0,112898600.0,1.0,907.0,914.0,901.0,910.0,124400.0
2022-12-20,36960,900.0,914.0,861.0,870.0,0,0,308700.0,273064200.0,1.0,900.0,914.0,861.0,870.0,308700.0
2022-12-21,36960,877.0,889.0,862.0,873.0,0,0,115300.0,100835000.0,1.0,877.0,889.0,862.0,873.0,115300.0
2022-12-22,36960,885.0,887.0,868.0,875.0,0,0,101300.0,88563700.0,1.0,885.0,887.0,868.0,875.0,101300.0
2022-12-23,36960,863.0,874.0,855.0,856.0,0,0,120400.0,104103400.0,1.0,863.0,874.0,855.0,856.0,120400.0
2022-12-26,36960,861.0,874.0,861.0,870.0,0,0,85900.0,74693300.0,1.0,861.0,874.0,861.0,870.0,85900.0
2022-12-27,36960,876.0,891.0,876.0,877.0,0,0,73300.0,64764500.0,1.0,876.0,891.0,876.0,877.0,73300.0
2022-12-28,36960,871.0,875.0,834.0,844.0,0,0,221700.0,187619900.0,1.0,871.0,875.0,834.0,844.0,221700.0
2022-12-29,36960,816.0,845.0,816.0,845.0,0,0,96600.0,80271800.0,1.0,816.0,845.0,816.0,845.0,96600.0
2022-12-30,36960,862.0,880.0,861.0,874.0,0,0,82400.0,71832600.0,1.0,862.0,880.0,861.0,874.0,82400.0
2023-01-04,36960,874.0,928.0,871.0,894.0,0,0,275100.0,249241500.0,1.0,874.0,928.0,871.0,894.0,275100.0
2023-01-05,36960,896.0,954.0,895.0,934.0,0,0,247300.0,231667400.0,1.0,896.0,954.0,895.0,934.0,247300.0
2023-01-06,36960,932.0,948.0,913.0,935.0,0,0,138000.0,128533600.0,1.0,932.0,948.0,913.0,935.0,138000.0
2023-01-10,36960,937.0,956.0,937.0,946.0,0,0,122300.0,115742500.0,1.0,937.0,956.0,937.0,946.0,122300.0
2023-01-11,36960,960.0,983.0,958.0,976.0,0,0,155400.0,151461700.0,1.0,960.0,983.0,958.0,976.0,155400.0
2023-01-12,36960,972.0,983.0,947.0,974.0,0,0,164900.0,160051700.0,1.0,972.0,983.0,947.0,974.0,164900.0
2023-01-13,36960,970.0,983.0,961.0,969.0,0,0,114800.0,111757500.0,1.0,970.0,983.0,961.0,969.0,114800.0
2023-01-16,36960,967.0,997.0,953.0,961.0,0,0,241000.0,233820100.0,1.0,967.0,997.0,953.0,961.0,241000.0
2023-01-17,36960,970.0,994.0,964.0,979.0,0,0,100800.0,98662400.0,1.0,970.0,994.0,964.0,979.0,100800.0
2023-01-18,36960,978.0,990.0,962.0,982.0,0,0,99200.0,96965400.0,1.0,978.0,990.0,962.0,982.0,99200.0
2023-01-19,36960,967.0,986.0,965.0,967.0,0,0,73800.0,71809900.0,1.0,967.0,986.0,965.0,967.0,73800.0
2023-01-20,36960,969.0,988.0,959.0,986.0,0,0,79300.0,77313300.0,1.0,969.0,988.0,959.0,986.0,79300.0
2023-01-23,36960,993.0,1007.0,982.0,995.0,0,0,160000.0,159572000.0,1.0,993.0,1007.0,982.0,995.0,160000.0
2023-01-24,36960,1007.0,1018.0,1000.0,1008.0,0,0,134000.0,135264700.0,1.0,1007.0,1018.0,1000.0,1008.0,134000.0
2023-01-25,36960,1006.0,1018.0,992.0,1009.0,0,0,105700.0,106730800.0,1.0,1006.0,1018.0,992.0,1009.0,105700.0
2023-01-26,36960,1019.0,1080.0,1014.0,1052.0,0,0,320900.0,337537500.0,1.0,1019.0,1080.0,1014.0,1052.0,320900.0
2023-01-27,36960,1068.0,1076.0,1034.0,1039.0,0,0,225400.0,236559000.0,1.0,1068.0,1076.0,1034.0,1039.0,225400.0
2023-01-30,36960,1060.0,1086.0,1053.0,1062.0,0,0,192100.0,206151800.0,1.0,1060.0,1086.0,1053.0,1062.0,192100.0
2023-01-31,36960,1056.0,1056.0,1020.0,1031.0,0,0,119700.0,123535500.0,1.0,1056.0,1056.0,1020.0,1031.0,119700.0
2023-02-01,36960,1045.0,1058.0,1034.0,1046.0,0,0,84600.0,88538700.0,1.0,1045.0,1058.0,1034.0,1046.0,84600.0
2023-02-02,36960,1047.0,1067.0,1040.0,1065.0,0,0,81200.0,85904000.0,1.0,1047.0,1067.0,1040.0,1065.0,81200.0
2023-02-03,36960,1071.0,1090.0,1060.0,1085.0,0,0,94400.0,101886500.0,1.0,1071.0,1090.0,1060.0,1085.0,94400.0
2023-02-06,36960,1086.0,1090.0,1041.0,1050.0,0,0,108100.0,114416100.0,1.0,1086.0,1090.0,1041.0,1050.0,108100.0
2023-02-07,36960,1049.0,1066.0,1038.0,1065.0,0,0,56900.0,60237400.0,1.0,1049.0,1066.0,1038.0,1065.0,56900.0
2023-02-08,36960,1037.0,1132.0,1032.0,1124.0,0,0,258600.0,284641800.0,1.0,1037.0,1132.0,1032.0,1124.0,258600.0
2023-02-09,36960,1109.0,1206.0,1100.0,1204.0,0,0,524400.0,613908300.0,1.0,1109.0,1206.0,1100.0,1204.0,524400.0
2023-02-10,36960,1201.0,1249.0,1189.0,1207.0,0,0,647300.0,784841000.0,1.0,1201.0,1249.0,1189.0,1207.0,647300.0
2023-02-13,36960,1237.0,1238.0,1066.0,1066.0,0,0,739700.0,820754200.0,1.0,1237.0,1238.0,1066.0,1066.0,739700.0
2023-02-14,36960,1060.0,1060.0,1007.0,1014.0,0,0,362800.0,371414600.0,1.0,1060.0,1060.0,1007.0,1014.0,362800.0
2023-02-15,36960,1014.0,1025.0,973.0,988.0,0,0,362800.0,358602300.0,1.0,1014.0,1025.0,973.0,988.0,362800.0
2023-02-16,36960,1022.0,1082.0,1022.0,1082.0,0,0,389400.0,413264800.0,1.0,1022.0,1082.0,1022.0,1082.0,389400.0
2023-02-17,36960,1071.0,1127.0,1047.0,1123.0,0,0,326600.0,357733000.0,1.0,1071.0,1127.0,1047.0,1123.0,326600.0
2023-02-20,36960,1111.0,1117.0,1087.0,1108.0,0,0,157600.0,173612500.0,1.0,1111.0,1117.0,1087.0,1108.0,157600.0
2023-02-21,36960,1120.0,1180.0,1120.0,1153.0,0,0,296200.0,342052400.0,1.0,1120.0,1180.0,1120.0,1153.0,296200.0
2023-02-22,36960,1140.0,1220.0,1135.0,1185.0,0,0,487700.0,581994100.0,1.0,1140.0,1220.0,1135.0,1185.0,487700.0
2023-02-24,36960,1164.0,1176.0,1152.0,1159.0,0,0,173900.0,202358100.0,1.0,1164.0,1176.0,1152.0,1159.0,173900.0
2023-02-27,36960,1147.0,1162.0,1123.0,1146.0,0,0,148300.0,169506100.0,1.0,1147.0,1162.0,1123.0,1146.0,148300.0
2023-02-28,36960,1156.0,1210.0,1136.0,1188.0,0,0,174200.0,206154500.0,1.0,1156.0,1210.0,1136.0,1188.0,174200.0
2023-03-01,36960,1175.0,1175.0,1145.0,1156.0,0,0,179900.0,208051700.0,1.0,1175.0,1175.0,1145.0,1156.0,179900.0
2023-03-02,36960,1135.0,1147.0,1110.0,1125.0,0,0,237400.0,267024200.0,1.0,1135.0,1147.0,1110.0,1125.0,237400.0
2023-03-03,36960,1136.0,1183.0,1129.0,1172.0,0,0,178000.0,207647700.0,1.0,1136.0,1183.0,1129.0,1172.0,178000.0
2023-03-06,36960,1181.0,1190.0,1161.0,1168.0,0,0,86500.0,101228400.0,1.0,1181.0,1190.0,1161.0,1168.0,86500.0
2023-03-07,36960,1156.0,1167.0,1146.0,1154.0,0,0,111000.0,128108200.0,1.0,1156.0,1167.0,1146.0,1154.0,111000.0
2023-03-08,36960,1140.0,1163.0,1130.0,1145.0,0,0,116600.0,133723800.0,1.0,1140.0,1163.0,1130.0,1145.0,116600.0
2023-03-09,36960,1155.0,1174.0,1141.0,1174.0,0,0,157600.0,182800100.0,1.0,1155.0,1174.0,1141.0,1174.0,157600.0
2023-03-10,36960,1144.0,1156.0,1077.0,1080.0,0,0,415900.0,459460300.0,1.0,1144.0,1156.0,1077.0,1080.0,415900.0
2023-03-13,36960,1070.0,1139.0,1061.0,1134.0,0,0,298500.0,329697300.0,1.0,1070.0,1139.0,1061.0,1134.0,298500.0
2023-03-14,36960,1144.0,1166.0,1114.0,1136.0,0,0,283200.0,323260900.0,1.0,1144.0,1166.0,1114.0,1136.0,283200.0
2023-03-15,36960,1166.0,1207.0,1163.0,1204.0,0,0,365100.0,433892600.0,1.0,1166.0,1207.0,1163.0,1204.0,365100.0
2023-03-16,36960,1185.0,1204.0,1159.0,1177.0,0,0,223900.0,265030800.0,1.0,1185.0,1204.0,1159.0,1177.0,223900.0
2023-03-17,36960,1188.0,1224.0,1152.0,1215.0,0,0,290200.0,349837600.0,1.0,1188.0,1224.0,1152.0,1215.0,290200.0
2023-03-20,36960,1245.0,1259.0,1213.0,1220.0,0,0,380500.0,469424300.0,1.0,1245.0,1259.0,1213.0,1220.0,380500.0
2023-03-22,36960,1240.0,1293.0,1240.0,1269.0,0,0,346100.0,436989700.0,1.0,1240.0,1293.0,1240.0,1269.0,346100.0
2023-03-23,36960,1249.0,1276.0,1231.0,1235.0,0,0,268800.0,336214800.0,1.0,1249.0,1276.0,1231.0,1235.0,268800.0
2023-03-24,36960,1265.0,1296.0,1219.0,1285.0,0,0,507700.0,641422600.0,1.0,1265.0,1296.0,1219.0,1285.0,507700.0
2023-03-27,36960,1278.0,1289.0,1242.0,1281.0,0,0,233300.0,295627600.0,1.0,1278.0,1289.0,1242.0,1281.0,233300.0
2023-03-28,36960,1252.0,1252.0,1210.0,1236.0,0,0,287500.0,354145200.0,1.0,1252.0,1252.0,1210.0,1236.0,287500.0
2023-03-29,36960,1247.0,1274.0,1216.0,1271.0,0,0,239300.0,300077100.0,1.0,1247.0,1274.0,1216.0,1271.0,239300.0
2023-03-30,36960,1294.0,1329.0,1285.0,1291.0,0,0,301300.0,393069700.0,1.0,1294.0,1329.0,1285.0,1291.0,301300.0
2023-03-31,36960,1291.0,1299.0,1250.0,1252.0,0,0,159300.0,201491300.0,1.0,1291.0,1299.0,1250.0,1252.0,159300.0
2023-04-03,36960,1279.0,1336.0,1279.0,1310.0,0,0,299600.0,390791300.0,1.0,1279.0,1336.0,1279.0,1310.0,299600.0
2023-04-04,36960,1315.0,1327.0,1278.0,1292.0,0,0,172400.0,222922700.0,1.0,1315.0,1327.0,1278.0,1292.0,172400.0
2023-04-05,36960,1288.0,1307.0,1272.0,1303.0,0,0,150600.0,194098800.0,1.0,1288.0,1307.0,1272.0,1303.0,150600.0
2023-04-06,36960,1291.0,1298.0,1261.0,1279.0,0,0,228600.0,291982200.0,1.0,1291.0,1298.0,1261.0,1279.0,228600.0
2023-04-07,36960,1291.0,1315.0,1282.0,1298.0,0,0,157200.0,204019000.0,1.0,1291.0,1315.0,1282.0,1298.0,157200.0
2023-04-10,36960,1300.0,1364.0,1294.0,1358.0,0,0,303200.0,406457900.0,1.0,1300.0,1364.0,1294.0,1358.0,303200.0
2023-04-11,36960,1366.0,1419.0,1352.0,1402.0,0,0,441600.0,619210000.0,1.0,1366.0,1419.0,1352.0,1402.0,441600.0
2023-04-12,36960,1403.0,1430.0,1393.0,1399.0,0,0,351300.0,494537500.0,1.0,1403.0,1430.0,1393.0,1399.0,351300.0
2023-04-13,36960,1369.0,1407.0,1356.0,1373.0,0,0,213400.0,294164200.0,1.0,1369.0,1407.0,1356.0,1373.0,213400.0
2023-04-14,36960,1403.0,1423.0,1377.0,1423.0,0,0,227700.0,319804600.0,1.0,1403.0,1423.0,1377.0,1423.0,227700.0
2023-04-17,36960,1415.0,1422.0,1392.0,1408.0,0,0,210700.0,296282600.0,1.0,1415.0,1422.0,1392.0,1408.0,210700.0
2023-04-18,36960,1398.0,1446.0,1382.0,1444.0,0,0,296300.0,420632400.0,1.0,1398.0,1446.0,1382.0,1444.0,296300.0
2023-04-19,36960,1447.0,1485.0,1447.0,1469.0,0,0,251000.0,368214900.0,1.0,1447.0,1485.0,1447.0,1469.0,251000.0
2023-04-20,36960,1440.0,1460.0,1415.0,1443.0,0,0,257600.0,369824700.0,1.0,1440.0,1460.0,1415.0,1443.0,257600.0
2023-04-21,36960,1420.0,1437.0,1383.0,1383.0,0,0,249900.0,350544900.0,1.0,1420.0,1437.0,1383.0,1383.0,249900.0
2023-04-24,36960,1389.0,1417.0,1384.0,1391.0,0,0,139200.0,194328500.0,1.0,1389.0,1417.0,1384.0,1391.0,139200.0
2023-04-25,36960,1390.0,1399.0,1371.0,1381.0,0,0,105700.0,146372200.0,1.0,1390.0,1399.0,1371.0,1381.0,105700.0
2023-04-26,36960,1374.0,1393.0,1344.0,1388.0,0,0,225100.0,308920600.0,1.0,1374.0,1393.0,1344.0,1388.0,225100.0
2023-04-27,36960,1388.0,1415.0,1382.0,1388.0,0,0,160200.0,224217500.0,1.0,1388.0,1415.0,1382.0,1388.0,160200.0
2023-04-28,36960,1405.0,1430.0,1381.0,1430.0,0,0,220300.0,310955500.0,1.0,1405.0,1430.0,1381.0,1430.0,220300.0
2023-05-01,36960,1444.0,1455.0,1413.0,1455.0,0,0,180400.0,259355400.0,1.0,1444.0,1455.0,1413.0,1455.0,180400.0
2023-05-02,36960,1443.0,1443.0,1394.0,1427.0,0,0,289200.0,409841600.0,1.0,1443.0,1443.0,1394.0,1427.0,289200.0
2023-05-08,36960,1438.0,1445.0,1403.0,1430.0,0,0,187900.0,267992900.0,1.0,1438.0,1445.0,1403.0,1430.0,187900.0
2023-05-09,36960,1420.0,1420.0,1387.0,1401.0,0,0,180800.0,253035200.0,1.0,1420.0,1420.0,1387.0,1401.0,180800.0
2023-05-10,36960,1390.0,1435.0,1390.0,1417.0,0,0,320900.0,455474700.0,1.0,1390.0,1435.0,1390.0,1417.0,320900.0
2023-05-11,36960,1193.0,1247.0,1117.0,1132.0,0,1,1102300.0,1281723000.0,1.0,1193.0,1247.0,1117.0,1132.0,1102300.0
2023-05-12,36960,1120.0,1120.0,1070.0,1113.0,0,0,671700.0,734966200.0,1.0,1120.0,1120.0,1070.0,1113.0,671700.0
2023-05-15,36960,1106.0,1140.0,1093.0,1135.0,0,0,268700.0,301112100.0,1.0,1106.0,1140.0,1093.0,1135.0,268700.0
2023-05-16,36960,1137.0,1141.0,1089.0,1102.0,0,0,201100.0,222891700.0,1.0,1137.0,1141.0,1089.0,1102.0,201100.0
2023-05-17,36960,1100.0,1100.0,1078.0,1080.0,0,0,161400.0,175341200.0,1.0,1100.0,1100.0,1078.0,1080.0,161400.0
2023-05-18,36960,1089.0,1093.0,1059.0,1075.0,0,0,170100.0,182866900.0,1.0,1089.0,1093.0,1059.0,1075.0,170100.0
2023-05-19,36960,1085.0,1101.0,1069.0,1085.0,0,0,116900.0,126918700.0,1.0,1085.0,1101.0,1069.0,1085.0,116900.0
2023-05-22,36960,1096.0,1098.0,1072.0,1098.0,0,0,109800.0,119780900.0,1.0,1096.0,1098.0,1072.0,1098.0,109800.0
2023-05-23,36960,1111.0,1119.0,1097.0,1108.0,0,0,139400.0,154387400.0,1.0,1111.0,1119.0,1097.0,1108.0,139400.0
2023-05-24,36960,1120.0,1120.0,1093.0,1104.0,0,0,105500.0,116722700.0,1.0,1120.0,1120.0,1093.0,1104.0,105500.0
2023-05-25,36960,1104.0,1104.0,1078.0,1078.0,0,0,97300.0,105886700.0,1.0,1104.0,1104.0,1078.0,1078.0,97300.0
2023-05-26,36960,1075.0,1075.0,1041.0,1041.0,0,0,131400.0,138381800.0,1.0,1075.0,1075.0,1041.0,1041.0,131400.0
2023-05-29,36960,1062.0,1085.0,1047.0,1077.0,0,0,113000.0,121313800.0,1.0,1062.0,1085.0,1047.0,1077.0,113000.0
2023-05-30,36960,1073.0,1087.0,1062.0,1083.0,0,0,82700.0,89066800.0,1.0,1073.0,1087.0,1062.0,1083.0,82700.0
2023-05-31,36960,1078.0,1093.0,1058.0,1072.0,0,0,133200.0,143085400.0,1.0,1078.0,1093.0,1058.0,1072.0,133200.0
2023-06-01,36960,1045.0,1046.0,1012.0,1012.0,0,0,217700.0,223396600.0,1.0,1045.0,1046.0,1012.0,1012.0,217700.0
2023-06-02,36960,1028.0,1042.0,1013.0,1035.0,0,0,102900.0,106128400.0,1.0,1028.0,1042.0,1013.0,1035.0,102900.0
2023-06-05,36960,1053.0,1055.0,1033.0,1046.0,0,0,127700.0,133605000.0,1.0,1053.0,1055.0,1033.0,1046.0,127700.0
2023-06-06,36960,1030.0,1041.0,1019.0,1024.0,0,0,141400.0,145465700.0,1.0,1030.0,1041.0,1019.0,1024.0,141400.0
2023-06-07,36960,1036.0,1045.0,1009.0,1010.0,0,0,129800.0,132619700.0,1.0,1036.0,1045.0,1009.0,1010.0,129800.0
2023-06-08,36960,1001.0,1005.0,982.0,986.0,0,0,200700.0,199279300.0,1.0,1001.0,1005.0,982.0,986.0,200700.0
2023-06-09,36960,1009.0,1018.0,992.0,1002.0,0,0,129900.0,130770700.0,1.0,1009.0,1018.0,992.0,1002.0,129900.0
2023-06-12,36960,995.0,1005.0,989.0,999.0,0,0,124800.0,124436400.0,1.0,995.0,1005.0,989.0,999.0,124800.0
2023-06-13,36960,1007.0,1011.0,994.0,994.0,0,0,117500.0,117786900.0,1.0,1007.0,1011.0,994.0,994.0,117500.0
2023-06-14,36960,994.0,1000.0,968.0,971.0,0,0,212900.0,209122700.0,1.0,994.0,1000.0,968.0,971.0,212900.0
2023-06-15,36960,963.0,966.0,940.0,942.0,0,0,164200.0,156125100.0,1.0,963.0,966.0,940.0,942.0,164200.0
2023-06-16,36960,957.0,972.0,947.0,961.0,0,0,117500.0,113063100.0,1.0,957.0,972.0,947.0,961.0,117500.0
2023-06-19,36960,967.0,967.0,944.0,958.0,0,0,112100.0,107067800.0,1.0,967.0,967.0,944.0,958.0,112100.0
2023-06-20,36960,965.0,991.0,956.0,991.0,0,0,139000.0,135870200.0,1.0,965.0,991.0,956.0,991.0,139000.0
2023-06-21,36960,1020.0,1024.0,990.0,997.0,0,0,289700.0,291905600.0,1.0,1020.0,1024.0,990.0,997.0,289700.0
2023-06-22,36960,1019.0,1059.0,1015.0,1040.0,0,0,524100.0,546063000.0,1.0,1019.0,1059.0,1015.0,1040.0,524100.0
2023-06-23,36960,1064.0,1066.0,1002.0,1012.0,0,0,326800.0,334223100.0,1.0,1064.0,1066.0,1002.0,1012.0,326800.0
2023-06-26,36960,1020.0,1056.0,1007.0,1028.0,0,0,196000.0,202434200.0,1.0,1020.0,1056.0,1007.0,1028.0,196000.0
2023-06-27,36960,1056.0,1060.0,1028.0,1041.0,0,0,226600.0,236525500.0,1.0,1056.0,1060.0,1028.0,1041.0,226600.0
2023-06-28,36960,1045.0,1073.0,1028.0,1056.0,0,0,209100.0,220093500.0,1.0,1045.0,1073.0,1028.0,1056.0,209100.0
2023-06-29,36960,1053.0,1057.0,1029.0,1041.0,0,0,158100.0,165020000.0,1.0,1053.0,1057.0,1029.0,1041.0,158100.0
2023-06-30,36960,1040.0,1040.0,1016.0,1039.0,0,0,140300.0,144455400.0,1.0,1040.0,1040.0,1016.0,1039.0,140300.0
2023-07-03,36960,1045.0,1073.0,1043.0,1059.0,0,0,187400.0,198325800.0,1.0,1045.0,1073.0,1043.0,1059.0,187400.0
2023-07-04,36960,1052.0,1071.0,1038.0,1067.0,0,0,149800.0,158747800.0,1.0,1052.0,1071.0,1038.0,1067.0,149800.0
2023-07-05,36960,1067.0,1073.0,1035.0,1040.0,0,0,115100.0,120466600.0,1.0,1067.0,1073.0,1035.0,1040.0,115100.0
2023-07-06,36960,1025.0,1025.0,992.0,1002.0,0,0,201100.0,201967300.0,1.0,1025.0,1025.0,992.0,1002.0,201100.0
2023-07-07,36960,984.0,1012.0,980.0,1008.0,0,0,103300.0,103315000.0,1.0,984.0,1012.0,980.0,1008.0,103300.0
2023-07-10,36960,1005.0,1022.0,994.0,1013.0,0,0,102300.0,103502300.0,1.0,1005.0,1022.0,994.0,1013.0,102300.0
2023-07-11,36960,1027.0,1039.0,1017.0,1025.0,0,0,102200.0,105003200.0,1.0,1027.0,1039.0,1017.0,1025.0,102200.0
2023-07-12,36960,1032.0,1036.0,1023.0,1029.0,0,0,69000.0,71052900.0,1.0,1032.0,1036.0,1023.0,1029.0,69000.0
2023-07-13,36960,1036.0,1045.0,1021.0,1045.0,0,0,105600.0,109505600.0,1.0,1036.0,1045.0,1021.0,1045.0,105600.0
2023-07-14,36960,1075.0,1088.0,1048.0,1068.0,0,0,265600.0,284148200.0,1.0,1075.0,1088.0,1048.0,1068.0,265600.0
2023-07-18,36960,1070.0,1070.0,1024.0,1028.0,0,0,158700.0,165020800.0,1.0,1070.0,1070.0,1024.0,1028.0,158700.0
2023-07-19,36960,1033.0,1056.0,1026.0,1039.0,0,0,140600.0,146330800.0,1.0,1033.0,1056.0,1026.0,1039.0,140600.0
2023-07-20,36960,1038.0,1041.0,1022.0,1022.0,0,0,53500.0,55012200.0,1.0,1038.0,1041.0,1022.0,1022.0,53500.0
2023-07-21,36960,1013.0,1013.0,1000.0,1012.0,0,0,93700.0,94330900.0,1.0,1013.0,1013.0,1000.0,1012.0,93700.0
2023-07-24,36960,1013.0,1030.0,1011.0,1023.0,0,0,42600.0,43527700.0,1.0,1013.0,1030.0,1011.0,1023.0,42600.0
2023-07-25,36960,1015.0,1032.0,1007.0,1026.0,0,0,49000.0,50021400.0,1.0,1015.0,1032.0,1007.0,1026.0,49000.0
2023-07-26,36960,1024.0,1037.0,1013.0,1035.0,0,0,44000.0,45280800.0,1.0,1024.0,1037.0,1013.0,1035.0,44000.0
2023-07-27,36960,1035.0,1040.0,1025.0,1037.0,0,0,45900.0,47423900.0,1.0,1035.0,1040.0,1025.0,1037.0,45900.0
2023-07-28,36960,1036.0,1036.0,1008.0,1018.0,0,0,95800.0,97355800.0,1.0,1036.0,1036.0,1008.0,1018.0,95800.0
2023-07-31,36960,1030.0,1051.0,1022.0,1051.0,0,0,174200.0,181484300.0,1.0,1030.0,1051.0,1022.0,1051.0,174200.0
2023-08-01,36960,1055.0,1076.0,1049.0,1053.0,0,0,150600.0,159530700.0,1.0,1055.0,1076.0,1049.0,1053.0,150600.0
2023-08-02,36960,1046.0,1058.0,1035.0,1042.0,0,0,68000.0,71007600.0,1.0,1046.0,1058.0,1035.0,1042.0,68000.0
2023-08-03,36960,1026.0,1039.0,1015.0,1016.0,0,0,109900.0,112470100.0,1.0,1026.0,1039.0,1015.0,1016.0,109900.0
2023-08-04,36960,1010.0,1027.0,1001.0,1025.0,0,0,95200.0,96281300.0,1.0,1010.0,1027.0,1001.0,1025.0,95200.0
2023-08-07,36960,1020.0,1030.0,999.0,1030.0,0,0,140800.0,143420700.0,1.0,1020.0,1030.0,999.0,1030.0,140800.0
2023-08-08,36960,1025.0,1049.0,1021.0,1032.0,0,0,301000.0,311924800.0,1.0,1025.0,1049.0,1021.0,1032.0,301000.0
2023-08-09,36960,1030.0,1048.0,1005.0,1038.0,0,0,233600.0,240509300.0,1.0,1030.0,1048.0,1005.0,1038.0,233600.0
2023-08-10,36960,1030.0,1030.0,1000.0,1018.0,0,0,160900.0,162984500.0,1.0,1030.0,1030.0,1000.0,1018.0,160900.0
2023-08-14,36960,965.0,965.0,921.0,941.0,0,0,536500.0,504095900.0,1.0,965.0,965.0,921.0,941.0,536500.0
2023-08-15,36960,939.0,1020.0,934.0,1015.0,0,0,339000.0,333826400.0,1.0,939.0,1020.0,934.0,1015.0,339000.0
2023-08-16,36960,1013.0,1035.0,992.0,1002.0,0,0,190400.0,192186500.0,1.0,1013.0,1035.0,992.0,1002.0,190400.0
2023-08-17,36960,992.0,1001.0,975.0,997.0,0,0,116100.0,114815500.0,1.0,992.0,1001.0,975.0,997.0,116100.0
2023-08-18,36960,967.0,969.0,944.0,957.0,0,0,155200.0,148000300.0,1.0,967.0,969.0,944.0,957.0,155200.0
2023-08-21,36960,960.0,991.0,958.0,991.0,0,0,85100.0,83418300.0,1.0,960.0,991.0,958.0,991.0,85100.0
2023-08-22,36960,991.0,995.0,971.0,986.0,0,0,68000.0,66911500.0,1.0,991.0,995.0,971.0,986.0,68000.0
2023-08-23,36960,986.0,988.0,971.0,988.0,0,0,43100.0,42259800.0,1.0,986.0,988.0,971.0,988.0,43100.0
2023-08-24,36960,993.0,1002.0,978.0,979.0,0,0,71600.0,70612700.0,1.0,993.0,1002.0,978.0,979.0,71600.0
2023-08-25,36960,964.0,987.0,955.0,978.0,0,0,58900.0,57433000.0,1.0,964.0,987.0,955.0,978.0,58900.0
2023-08-28,36960,985.0,997.0,977.0,985.0,0,0,67500.0,66566700.0,1.0,985.0,997.0,977.0,985.0,67500.0
2023-08-29,36960,994.0,1017.0,989.0,1015.0,0,0,143000.0,143998900.0,1.0,994.0,1017.0,989.0,1015.0,143000.0
2023-08-30,36960,1031.0,1033.0,1003.0,1009.0,0,0,87100.0,88311100.0,1.0,1031.0,1033.0,1003.0,1009.0,87100.0
2023-08-31,36960,1003.0,1010.0,1000.0,1003.0,0,0,37600.0,37722100.0,1.0,1003.0,1010.0,1000.0,1003.0,37600.0
2023-09-01,36960,1002.0,1011.0,993.0,1005.0,0,0,94800.0,95005900.0,1.0,1002.0,1011.0,993.0,1005.0,94800.0
2023-09-04,36960,1009.0,1013.0,990.0,994.0,0,0,97200.0,97138800.0,1.0,1009.0,1013.0,990.0,994.0,97200.0
2023-09-05,36960,995.0,1009.0,994.0,1005.0,0,0,47400.0,47499700.0,1.0,995.0,1009.0,994.0,1005.0,47400.0
2023-09-06,36960,1005.0,1008.0,997.0,999.0,0,0,39100.0,39166700.0,1.0,1005.0,1008.0,997.0,999.0,39100.0
2023-09-07,36960,995.0,998.0,986.0,996.0,0,0,69000.0,68505600.0,1.0,995.0,998.0,986.0,996.0,69000.0
2023-09-08,36960,982.0,995.0,978.0,986.0,0,0,65800.0,64791500.0,1.0,982.0,995.0,978.0,986.0,65800.0
2023-09-11,36960,994.0,1000.0,972.0,979.0,0,0,57600.0,56699900.0,1.0,994.0,1000.0,972.0,979.0,57600.0
2023-09-12,36960,979.0,1006.0,979.0,988.0,0,0,62500.0,62097100.0,1.0,979.0,1006.0,979.0,988.0,62500.0
2023-09-13,36960,982.0,991.0,979.0,986.0,0,0,36300.0,35783100.0,1.0,982.0,991.0,979.0,986.0,36300.0
2023-09-14,36960,985.0,993.0,978.0,985.0,0,0,55200.0,54301200.0,1.0,985.0,993.0,978.0,985.0,55200.0
2023-09-15,36960,985.0,990.0,973.0,979.0,0,0,65400.0,63962900.0,1.0,985.0,990.0,973.0,979.0,65400.0
2023-09-19,36960,979.0,979.0,955.0,969.0,0,0,83200.0,80074800.0,1.0,979.0,979.0,955.0,969.0,83200.0
2023-09-20,36960,969.0,973.0,950.0,950.0,0,0,70700.0,67647800.0,1.0,969.0,973.0,950.0,950.0,70700.0
2023-09-21,36960,950.0,950.0,917.0,917.0,0,0,120400.0,111876100.0,1.0,950.0,950.0,917.0,917.0,120400.0
2023-09-22,36960,913.0,952.0,910.0,951.0,0,0,69000.0,64763100.0,1.0,913.0,952.0,910.0,951.0,69000.0
2023-09-25,36960,950.0,975.0,948.0,970.0,0,0,77700.0,74964400.0,1.0,950.0,975.0,948.0,970.0,77700.0
2023-09-26,36960,980.0,981.0,959.0,959.0,0,0,53000.0,51193800.0,1.0,980.0,981.0,959.0,959.0,53000.0
2023-09-27,36960,950.0,979.0,950.0,978.0,0,0,86000.0,83496800.0,1.0,950.0,979.0,950.0,978.0,86000.0
2023-09-28,36960,976.0,982.0,963.0,969.0,0,0,70100.0,68054000.0,1.0,976.0,982.0,963.0,969.0,70100.0
2023-09-29,36960,978.0,985.0,962.0,965.0,0,0,54700.0,53032800.0,1.0,978.0,985.0,962.0,965.0,54700.0
2023-10-02,36960,971.0,971.0,937.0,937.0,0,0,86000.0,81926600.0,1.0,971.0,971.0,937.0,937.0,86000.0
2023-10-03,36960,930.0,943.0,922.0,922.0,0,0,68900.0,64015700.0,1.0,930.0,943.0,922.0,922.0,68900.0
2023-10-04,36960,907.0,912.0,888.0,891.0,0,0,120800.0,108587700.0,1.0,907.0,912.0,888.0,891.0,120800.0
2023-10-05,36960,906.0,926.0,902.0,924.0,0,0,88300.0,80723100.0,1.0,906.0,926.0,902.0,924.0,88300.0
2023-10-06,36960,919.0,929.0,909.0,923.0,0,0,107200.0,98839500.0,1.0,919.0,929.0,909.0,923.0,107200.0
2023-10-10,36960,915.0,936.0,915.0,935.0,0,0,83500.0,77442900.0,1.0,915.0,936.0,915.0,935.0,83500.0
2023-10-11,36960,935.0,935.0,912.0,912.0,0,0,51600.0,47502100.0,1.0,935.0,935.0,912.0,912.0,51600.0
2023-10-12,36960,927.0,944.0,918.0,944.0,0,0,87900.0,82017400.0,1.0,927.0,944.0,918.0,944.0,87900.0
2023-10-13,36960,936.0,937.0,918.0,922.0,0,0,56800.0,52629900.0,1.0,936.0,937.0,918.0,922.0,56800.0
2023-10-16,36960,910.0,924.0,899.0,903.0,0,0,96700.0,87763400.0,1.0,910.0,924.0,899.0,903.0,96700.0
2023-10-17,36960,908.0,935.0,903.0,928.0,0,0,61400.0,56895200.0,1.0,908.0,935.0,903.0,928.0,61400.0
2023-10-18,36960,928.0,932.0,905.0,925.0,0,0,105400.0,96556200.0,1.0,928.0,932.0,905.0,925.0,105400.0
2023-10-19,36960,907.0,914.0,896.0,904.0,0,0,74900.0,67625300.0,1.0,907.0,914.0,896.0,904.0,74900.0
2023-10-20,36960,899.0,911.0,884.0,911.0,0,0,72400.0,65050900.0,1.0,899.0,911.0,884.0,911.0,72400.0
2023-10-23,36960,900.0,911.0,893.0,901.0,0,0,59400.0,53526500.0,1.0,900.0,911.0,893.0,901.0,59400.0
2023-10-24,36960,928.0,953.0,905.0,950.0,0,0,206100.0,191728100.0,1.0,928.0,953.0,905.0,950.0,206100.0
2023-10-25,36960,959.0,961.0,933.0,935.0,0,0,93800.0,88560100.0,1.0,959.0,961.0,933.0,935.0,93800.0
2023-10-26,36960,916.0,936.0,908.0,909.0,0,0,149500.0,136745800.0,1.0,916.0,936.0,908.0,909.0,149500.0
2023-10-27,36960,920.0,926.0,904.0,921.0,0,0,54900.0,50221000.0,1.0,920.0,926.0,904.0,921.0,54900.0
2023-10-30,36960,921.0,927.0,908.0,916.0,0,0,44900.0,41086100.0,1.0,921.0,927.0,908.0,916.0,44900.0
2023-10-31,36960,920.0,934.0,910.0,934.0,0,0,74100.0,68320900.0,1.0,920.0,934.0,910.0,934.0,74100.0
2023-11-01,36960,944.0,944.0,922.0,925.0,0,0,65500.0,60857300.0,1.0,944.0,944.0,922.0,925.0,65500.0
2023-11-02,36960,934.0,960.0,934.0,960.0,0,0,141800.0,134849900.0,1.0,934.0,960.0,934.0,960.0,141800.0
2023-11-06,36960,970.0,971.0,948.0,954.0,0,0,120800.0,115777800.0,1.0,970.0,971.0,948.0,954.0,120800.0
2023-11-07,36960,952.0,957.0,937.0,950.0,0,0,103300.0,98051000.0,1.0,952.0,957.0,937.0,950.0,103300.0
2023-11-08,36960,950.0,958.0,923.0,923.0,0,0,177600.0,166103900.0,1.0,950.0,958.0,923.0,923.0,177600.0
2023-11-09,36960,876.0,988.0,876.0,983.0,0,0,675600.0,646598600.0,1.0,876.0,988.0,876.0,983.0,675600.0
2023-11-10,36960,953.0,1001.0,942.0,996.0,0,0,276400.0,268626700.0,1.0,953.0,1001.0,942.0,996.0,276400.0
2023-11-13,36960,999.0,1002.0,966.0,980.0,0,0,141900.0,139098800.0,1.0,999.0,1002.0,966.0,980.0,141900.0
2023-11-14,36960,979.0,979.0,933.0,953.0,0,0,108300.0,102643700.0,1.0,979.0,979.0,933.0,953.0,108300.0
2023-11-15,36960,954.0,977.0,936.0,936.0,0,0,118000.0,112418200.0,1.0,954.0,977.0,936.0,936.0,118000.0
2023-11-16,36960,936.0,947.0,926.0,930.0,0,0,86300.0,80568800.0,1.0,936.0,947.0,926.0,930.0,86300.0
2023-11-17,36960,925.0,934.0,916.0,928.0,0,0,55800.0,51515200.0,1.0,925.0,934.0,916.0,928.0,55800.0
2023-11-20,36960,928.0,939.0,912.0,919.0,0,0,133200.0,122626600.0,1.0,928.0,939.0,912.0,919.0,133200.0
2023-11-21,36960,922.0,928.0,911.0,925.0,0,0,101300.0,93107700.0,1.0,922.0,928.0,911.0,925.0,101300.0
2023-11-22,36960,921.0,927.0,906.0,910.0,0,0,158900.0,145423000.0,1.0,921.0,927.0,906.0,910.0,158900.0
2023-11-24,36960,922.0,947.0,910.0,910.0,0,0,216500.0,200459500.0,1.0,922.0,947.0,910.0,910.0,216500.0
2023-11-27,36960,914.0,934.0,892.0,898.0,0,0,214100.0,193988200.0,1.0,914.0,934.0,892.0,898.0,214100.0
2023-11-28,36960,899.0,908.0,877.0,891.0,0,0,228200.0,203226700.0,1.0,899.0,908.0,877.0,891.0,228200.0
2023-11-29,36960,888.0,918.0,888.0,897.0,0,0,108200.0,97879500.0,1.0,888.0,918.0,888.0,897.0,108200.0
2023-11-30,36960,900.0,919.0,898.0,915.0,0,0,126200.0,115061500.0,1.0,900.0,919.0,898.0,915.0,126200.0
2023-12-01,36960,915.0,938.0,913.0,918.0,0,0,116200.0,107047700.0,1.0,915.0,938.0,913.0,918.0,116200.0
2023-12-04,36960,930.0,1068.0,930.0,1068.0,1,0,1183500.0,1219851600.0,1.0,930.0,1068.0,930.0,1068.0,1183500.0
2023-12-05,36960,1038.0,1065.0,972.0,978.0,0,0,974600.0,981322300.0,1.0,1038.0,1065.0,972.0,978.0,974600.0
2023-12-06,36960,979.0,1049.0,979.0,1044.0,0,0,831200.0,844374700.0,1.0,979.0,1049.0,979.0,1044.0,831200.0
2023-12-07,36960,1030.0,1034.0,1004.0,1023.0,0,0,250600.0,254832900.0,1.0,1030.0,1034.0,1004.0,1023.0,250600.0
2023-12-08,36960,993.0,1014.0,990.0,1005.0,0,0,176400.0,176370600.0,1.0,993.0,1014.0,990.0,1005.0,176400.0
2023-12-11,36960,1018.0,1082.0,1018.0,1059.0,0,0,485100.0,513599100.0,1.0,1018.0,1082.0,1018.0,1059.0,485100.0
2023-12-12,36960,1050.0,1050.0,984.0,1004.0,0,0,498700.0,500716800.0,1.0,1050.0,1050.0,984.0,1004.0,498700.0
2023-12-13,36960,1004.0,1012.0,978.0,1001.0,0,0,164300.0,162853400.0,1.0,1004.0,1012.0,978.0,1001.0,164300.0
2023-12-14,36960,1043.0,1068.0,1027.0,1040.0,0,0,277800.0,291082100.0,1.0,1043.0,1068.0,1027.0,1040.0,277800.0
2023-12-15,36960,1038.0,1116.0,1033.0,1115.0,0,0,469100.0,513322500.0,1.0,1038.0,1116.0,1033.0,1115.0,469100.0
2023-12-18,36960,1085.0,1095.0,1052.0,1055.0,0,0,289000.0,308679700.0,1.0,1085.0,1095.0,1052.0,1055.0,289000.0
2023-12-19,36960,1061.0,1103.0,1057.0,1102.0,0,0,204800.0,222922300.0,1.0,1061.0,1103.0,1057.0,1102.0,204800.0
2023-12-20,36960,1109.0,1142.0,1099.0,1134.0,0,0,284600.0,320047500.0,1.0,1109.0,1142.0,1099.0,1134.0,284600.0
2023-12-21,36960,1112.0,1155.0,1108.0,1142.0,0,0,186300.0,211412500.0,1.0,1112.0,1155.0,1108.0,1142.0,186300.0
2023-12-22,36960,1153.0,1185.0,1136.0,1168.0,0,0,231900.0,269233300.0,1.0,1153.0,1185.0,1136.0,1168.0,231900.0
2023-12-25,36960,1148.0,1207.0,1140.0,1181.0,0,0,313200.0,370769200.0,1.0,1148.0,1207.0,1140.0,1181.0,313200.0
2023-12-26,36960,1190.0,1243.0,1190.0,1212.0,0,0,351400.0,429052300.0,1.0,1190.0,1243.0,1190.0,1212.0,351400.0
2023-12-27,36960,1182.0,1205.0,1162.0,1195.0,0,0,287500.0,339708400.0,1.0,1182.0,1205.0,1162.0,1195.0,287500.0
2023-12-28,36960,1205.0,1260.0,1204.0,1238.0,0,0,335400.0,413444800.0,1.0,1205.0,1260.0,1204.0,1238.0,335400.0
2023-12-29,36960,1230.0,1237.0,1206.0,1221.0,0,0,136500.0,166718500.0,1.0,1230.0,1237.0,1206.0,1221.0,136500.0
2024-01-04,36960,1191.0,1210.0,1174.0,1196.0,0,0,201900.0,240482800.0,1.0,1191.0,1210.0,1174.0,1196.0,201900.0
2024-01-05,36960,1200.0,1207.0,1142.0,1146.0,0,0,252100.0,293408900.0,1.0,1200.0,1207.0,1142.0,1146.0,252100.0
2024-01-09,36960,1206.0,1287.0,1203.0,1287.0,0,0,591300.0,739255500.0,1.0,1206.0,1287.0,1203.0,1287.0,591300.0
2024-01-10,36960,1275.0,1290.0,1248.0,1265.0,0,0,366700.0,465795000.0,1.0,1275.0,1290.0,1248.0,1265.0,366700.0
2024-01-11,36960,1385.0,1385.0,1273.0,1310.0,0,0,860200.0,1132939600.0,1.0,1385.0,1385.0,1273.0,1310.0,860200.0
2024-01-12,36960,1310.0,1310.0,1254.0,1254.0,0,0,396300.0,503213100.0,1.0,1310.0,1310.0,1254.0,1254.0,396300.0
2024-01-15,36960,1194.0,1196.0,1150.0,1171.0,0,0,723600.0,846867000.0,1.0,1194.0,1196.0,1150.0,1171.0,723600.0
2024-01-16,36960,1155.0,1205.0,1155.0,1196.0,0,0,291900.0,346529000.0,1.0,1155.0,1205.0,1155.0,1196.0,291900.0
2024-01-17,36960,1195.0,1225.0,1184.0,1195.0,0,0,242000.0,291131200.0,1.0,1195.0,1225.0,1184.0,1195.0,242000.0
2024-01-18,36960,1193.0,1219.0,1160.0,1192.0,0,0,207600.0,245824800.0,1.0,1193.0,1219.0,1160.0,1192.0,207600.0
2024-01-19,36960,1183.0,1195.0,1153.0,1155.0,0,0,205200.0,239940700.0,1.0,1183.0,1195.0,1153.0,1155.0,205200.0
2024-01-22,36960,1150.0,1163.0,1132.0,1134.0,0,0,134300.0,153752800.0,1.0,1150.0,1163.0,1132.0,1134.0,134300.0
2024-01-23,36960,1126.0,1148.0,1117.0,1133.0,0,0,135400.0,153412400.0,1.0,1126.0,1148.0,1117.0,1133.0,135400.0
2024-01-24,36960,1139.0,1152.0,1115.0,1132.0,0,0,119900.0,135273300.0,1.0,1139.0,1152.0,1115.0,1132.0,119900.0
2024-01-25,36960,1134.0,1153.0,1124.0,1129.0,0,0,166100.0,189079400.0,1.0,1134.0,1153.0,1124.0,1129.0,166100.0
2024-01-26,36960,1119.0,1162.0,1113.0,1128.0,0,0,215600.0,245480700.0,1.0,1119.0,1162.0,1113.0,1128.0,215600.0
2024-01-29,36960,1154.0,1182.0,1139.0,1171.0,0,0,198800.0,232786200.0,1.0,1154.0,1182.0,1139.0,1171.0,198800.0
2024-01-30,36960,1195.0,1216.0,1173.0,1178.0,0,0,187600.0,223161100.0,1.0,1195.0,1216.0,1173.0,1178.0,187600.0
2024-01-31,36960,1148.0,1168.0,1140.0,1164.0,0,0,114800.0,132350300.0,1.0,1148.0,1168.0,1140.0,1164.0,114800.0
2024-02-01,36960,1149.0,1161.0,1137.0,1145.0,0,0,81600.0,93574500.0,1.0,1149.0,1161.0,1137.0,1145.0,81600.0
2024-02-02,36960,1145.0,1158.0,1133.0,1141.0,0,0,83700.0,95719600.0,1.0,1145.0,1158.0,1133.0,1141.0,83700.0
2024-02-05,36960,1134.0,1187.0,1133.0,1185.0,0,0,115700.0,135122600.0,1.0,1134.0,1187.0,1133.0,1185.0,115700.0
2024-02-06,36960,1179.0,1214.0,1163.0,1203.0,0,0,149200.0,177620900.0,1.0,1179.0,1214.0,1163.0,1203.0,149200.0
2024-02-07,36960,1200.0,1262.0,1194.0,1246.0,0,0,309900.0,383238800.0,1.0,1200.0,1262.0,1194.0,1246.0,309900.0
2024-02-08,36960,1271.0,1321.0,1265.0,1312.0,0,0,503700.0,653217400.0,1.0,1271.0,1321.0,1265.0,1312.0,503700.0
2024-02-09,36960,1300.0,1375.0,1296.0,1344.0,0,0,407700.0,545265000.0,1.0,1300.0,1375.0,1296.0,1344.0,407700.0
2024-02-13,36960,1430.0,1562.0,1406.0,1549.0,0,0,1067800.0,1605445700.0,1.0,1430.0,1562.0,1406.0,1549.0,1067800.0
2024-02-14,36960,1534.0,1555.0,1498.0,1534.0,0,0,359100.0,546189100.0,1.0,1534.0,1555.0,1498.0,1534.0,359100.0
2024-02-15,36960,1598.0,1647.0,1539.0,1573.0,0,0,516400.0,822910200.0,1.0,1598.0,1647.0,1539.0,1573.0,516400.0
2024-02-16,36960,1545.0,1593.0,1528.0,1570.0,0,0,308900.0,484090700.0,1.0,1545.0,1593.0,1528.0,1570.0,308900.0
2024-02-19,36960,1570.0,1634.0,1562.0,1625.0,0,0,275000.0,442556100.0,1.0,1570.0,1634.0,1562.0,1625.0,275000.0
2024-02-20,36960,1635.0,1660.0,1608.0,1643.0,0,0,229000.0,376317600.0,1.0,1635.0,1660.0,1608.0,1643.0,229000.0
2024-02-21,36960,1639.0,1657.0,1585.0,1605.0,0,0,267700.0,433610900.0,1.0,1639.0,1657.0,1585.0,1605.0,267700.0
2024-02-22,36960,1637.0,1655.0,1555.0,1587.0,0,0,249800.0,395598000.0,1.0,1637.0,1655.0,1555.0,1587.0,249800.0
2024-02-26,36960,1580.0,1629.0,1566.0,1602.0,0,0,163800.0,263597600.0,1.0,1580.0,1629.0,1566.0,1602.0,163800.0
2024-02-27,36960,1682.0,1748.0,1671.0,1706.0,0,0,678900.0,1163994400.0,1.0,1682.0,1748.0,1671.0,1706.0,678900.0
2024-02-28,36960,1710.0,1744.0,1699.0,1702.0,0,0,336400.0,577321900.0,1.0,1710.0,1744.0,1699.0,1702.0,336400.0
2024-02-29,36960,1750.0,1780.0,1671.0,1674.0,0,0,697300.0,1201239700.0,1.0,1750.0,1780.0,1671.0,1674.0,697300.0
2024-03-01,36960,1636.0,1668.0,1597.0,1646.0,0,0,384600.0,626349100.0,1.0,1636.0,1668.0,1597.0,1646.0,384600.0
2024-03-04,36960,1647.0,1661.0,1614.0,1641.0,0,0,178200.0,292141400.0,1.0,1647.0,1661.0,1614.0,1641.0,178200.0
2024-03-05,36960,1717.0,1717.0,1657.0,1687.0,0,0,301400.0,509028800.0,1.0,1717.0,1717.0,1657.0,1687.0,301400.0
2024-03-06,36960,1647.0,1699.0,1622.0,1634.0,0,0,244400.0,403142800.0,1.0,1647.0,1699.0,1622.0,1634.0,244400.0
2024-03-07,36960,1645.0,1678.0,1627.0,1650.0,0,0,176600.0,291320600.0,1.0,1645.0,1678.0,1627.0,1650.0,176600.0
2024-03-08,36960,1630.0,1726.0,1609.0,1688.0,0,0,242200.0,406801000.0,1.0,1630.0,1726.0,1609.0,1688.0,242200.0
2024-03-11,36960,1675.0,1688.0,1650.0,1682.0,0,0,149500.0,249810200.0,1.0,1675.0,1688.0,1650.0,1682.0,149500.0
2024-03-12,36960,1680.0,1748.0,1676.0,1748.0,0,0,238300.0,409092400.0,1.0,1680.0,1748.0,1676.0,1748.0,238300.0
2024-03-13,36960,1755.0,1759.0,1710.0,1717.0,0,0,177600.0,306861600.0,1.0,1755.0,1759.0,1710.0,1717.0,177600.0
2024-03-14,36960,1700.0,1737.0,1681.0,1725.0,0,0,144400.0,246917100.0,1.0,1700.0,1737.0,1681.0,1725.0,144400.0
2024-03-15,36960,1686.0,1694.0,1529.0,1550.0,0,0,482600.0,771788900.0,1.0,1686.0,1694.0,1529.0,1550.0,482600.0
2024-03-18,36960,1567.0,1640.0,1566.0,1635.0,0,0,184200.0,297489900.0,1.0,1567.0,1640.0,1566.0,1635.0,184200.0
2024-03-19,36960,1602.0,1605.0,1556.0,1594.0,0,0,195300.0,308735300.0,1.0,1602.0,1605.0,1556.0,1594.0,195300.0
2024-03-21,36960,1656.0,1670.0,1621.0,1670.0,0,0,208300.0,343593600.0,1.0,1656.0,1670.0,1621.0,1670.0,208300.0
2024-03-22,36960,1670.0,1799.0,1661.0,1799.0,0,0,310700.0,542896300.0,1.0,1670.0,1799.0,1661.0,1799.0,310700.0
2024-03-25,36960,1790.0,1812.0,1754.0,1772.0,0,0,231900.0,412642300.0,1.0,1790.0,1812.0,1754.0,1772.0,231900.0
2024-03-26,36960,1781.0,1814.0,1743.0,1746.0,0,0,184100.0,326714100.0,1.0,1781.0,1814.0,1743.0,1746.0,184100.0
2024-03-27,36960,1746.0,1772.0,1718.0,1721.0,0,0,130700.0,228137800.0,1.0,1746.0,1772.0,1718.0,1721.0,130700.0
2024-03-28,36960,1723.0,1783.0,1721.0,1743.0,0,0,103800.0,182742200.0,1.0,1723.0,1783.0,1721.0,1743.0,103800.0
2024-03-29,36960,1769.0,1827.0,1757.0,1802.0,0,0,165400.0,297541000.0,1.0,1769.0,1827.0,1757.0,1802.0,165400.0
2024-04-01,36960,1805.0,1806.0,1763.0,1779.0,0,0,136600.0,243920900.0,1.0,1805.0,1806.0,1763.0,1779.0,136600.0
2024-04-02,36960,1770.0,1770.0,1689.0,1704.0,0,0,166300.0,286791200.0,1.0,1770.0,1770.0,1689.0,1704.0,166300.0
2024-04-03,36960,1666.0,1728.0,1650.0,1669.0,0,0,142700.0,239936600.0,1.0,1666.0,1728.0,1650.0,1669.0,142700.0
2024-04-04,36960,1706.0,1732.0,1685.0,1705.0,0,0,82600.0,141123500.0,1.0,1706.0,1732.0,1685.0,1705.0,82600.0
2024-04-05,36960,1665.0,1737.0,1665.0,1723.0,0,0,94200.0,160748200.0,1.0,1665.0,1737.0,1665.0,1723.0,94200.0
2024-04-08,36960,1731.0,1822.0,1726.0,1809.0,0,0,190900.0,342206100.0,1.0,1731.0,1822.0,1726.0,1809.0,190900.0
2024-04-09,36960,1809.0,1834.0,1802.0,1821.0,0,0,120800.0,219236000.0,1.0,1809.0,1834.0,1802.0,1821.0,120800.0
2024-04-10,36960,1803.0,1827.0,1725.0,1766.0,0,0,173600.0,306245100.0,1.0,1803.0,1827.0,1725.0,1766.0,173600.0
2024-04-11,36960,1738.0,1779.0,1729.0,1774.0,0,0,74200.0,130375300.0,1.0,1738.0,1779.0,1729.0,1774.0,74200.0
2024-04-12,36960,1774.0,1800.0,1756.0,1770.0,0,0,113400.0,201380400.0,1.0,1774.0,1800.0,1756.0,1770.0,113400.0
2024-04-15,36960,1730.0,1769.0,1696.0,1769.0,0,0,144600.0,251241500.0,1.0,1730.0,1769.0,1696.0,1769.0,144600.0
2024-04-16,36960,1744.0,1773.0,1684.0,1690.0,0,0,157300.0,269322000.0,1.0,1744.0,1773.0,1684.0,1690.0,157300.0
2024-04-17,36960,1685.0,1696.0,1648.0,1670.0,0,0,155600.0,260259100.0,1.0,1685.0,1696.0,1648.0,1670.0,155600.0
2024-04-18,36960,1647.0,1672.0,1620.0,1620.0,0,0,144000.0,236729000.0,1.0,1647.0,1672.0,1620.0,1620.0,144000.0
2024-04-19,36960,1622.0,1652.0,1535.0,1576.0,0,0,247300.0,390337200.0,1.0,1622.0,1652.0,1535.0,1576.0,247300.0
2024-04-22,36960,1616.0,1633.0,1596.0,1633.0,0,0,83000.0,134277500.0,1.0,1616.0,1633.0,1596.0,1633.0,83000.0
2024-04-23,36960,1666.0,1723.0,1650.0,1695.0,0,0,125000.0,211779200.0,1.0,1666.0,1723.0,1650.0,1695.0,125000.0
2024-04-24,36960,1695.0,1713.0,1675.0,1675.0,0,0,107500.0,181922000.0,1.0,1695.0,1713.0,1675.0,1675.0,107500.0
2024-04-25,36960,1646.0,1769.0,1641.0,1707.0,0,0,338700.0,583454100.0,1.0,1646.0,1769.0,1641.0,1707.0,338700.0
2024-04-26,36960,1710.0,1755.0,1665.0,1731.0,0,0,190400.0,325814500.0,1.0,1710.0,1755.0,1665.0,1731.0,190400.0
2024-04-30,36960,1771.0,1776.0,1674.0,1700.0,0,0,404800.0,693481600.0,1.0,1771.0,1776.0,1674.0,1700.0,404800.0
2024-05-01,36960,1671.0,1688.0,1599.0,1600.0,0,0,221100.0,359534400.0,1.0,1671.0,1688.0,1599.0,1600.0,221100.0
2024-05-02,36960,1576.0,1653.0,1550.0,1638.0,0,0,363600.0,582952800.0,1.0,1576.0,1653.0,1550.0,1638.0,363600.0
2024-05-07,36960,1728.0,1809.0,1697.0,1809.0,0,0,910200.0,1596046700.0,1.0,1728.0,1809.0,1697.0,1809.0,910200.0
2024-05-08,36960,1784.0,1816.0,1695.0,1786.0,0,0,559300.0,980279900.0,1.0,1784.0,1816.0,1695.0,1786.0,559300.0
2024-05-09,36960,1768.0,1806.0,1712.0,1791.0,0,0,261900.0,461544900.0,1.0,1768.0,1806.0,1712.0,1791.0,261900.0
2024-05-10,36960,2085.0,2191.0,2073.0,2191.0,1,0,759900.0,1645625300.0,1.0,2085.0,2191.0,2073.0,2191.0,759900.0
2024-05-13,36960,2220.0,2256.0,1928.0,2087.0,0,0,1133100.0,2365798500.0,1.0,2220.0,2256.0,1928.0,2087.0,1133100.0
2024-05-14,36960,2066.0,2067.0,1974.0,2016.0,0,0,350300.0,705853600.0,1.0,2066.0,2067.0,1974.0,2016.0,350300.0
2024-05-15,36960,2021.0,2036.0,1886.0,1908.0,0,0,376400.0,724137400.0,1.0,2021.0,2036.0,1886.0,1908.0,376400.0
2024-05-16,36960,1945.0,2120.0,1931.0,2100.0,0,0,512800.0,1048069100.0,1.0,1945.0,2120.0,1931.0,2100.0,512800.0
2024-05-17,36960,2052.0,2168.0,2052.0,2110.0,0,0,355300.0,750989300.0,1.0,2052.0,2168.0,2052.0,2110.0,355300.0
2024-05-20,36960,2147.0,2165.0,2089.0,2100.0,0,0,205600.0,435507300.0,1.0,2147.0,2165.0,2089.0,2100.0,205600.0
2024-05-21,36960,2195.0,2240.0,2139.0,2160.0,0,0,396900.0,867561200.0,1.0,2195.0,2240.0,2139.0,2160.0,396900.0
2024-05-22,36960,2080.0,2197.0,2051.0,2053.0,0,0,259000.0,546943700.0,1.0,2080.0,2197.0,2051.0,2053.0,259000.0
2024-05-23,36960,2068.0,2092.0,2022.0,2025.0,0,0,136800.0,280200200.0,1.0,2068.0,2092.0,2022.0,2025.0,136800.0
2024-05-24,36960,1977.0,2021.0,1968.0,1994.0,0,0,209100.0,416608500.0,1.0,1977.0,2021.0,1968.0,1994.0,209100.0
2024-05-27,36960,2020.0,2047.0,1960.0,1967.0,0,0,136000.0,270650300.0,1.0,2020.0,2047.0,1960.0,1967.0,136000.0
2024-05-28,36960,1970.0,2050.0,1969.0,2006.0,0,0,169300.0,340515900.0,1.0,1970.0,2050.0,1969.0,2006.0,169300.0
2024-05-29,36960,2005.0,2036.0,1959.0,1967.0,0,0,150000.0,299577900.0,1.0,2005.0,2036.0,1959.0,1967.0,150000.0
2024-05-30,36960,1927.0,1953.0,1891.0,1950.0,0,0,231900.0,447188800.0,1.0,1927.0,1953.0,1891.0,1950.0,231900.0
2024-05-31,36960,1910.0,1936.0,1877.0,1882.0,0,0,195100.0,370304200.0,1.0,1910.0,1936.0,1877.0,1882.0,195100.0
2024-06-03,36960,1882.0,1952.0,1858.0,1941.0,0,0,256300.0,487408800.0,1.0,1882.0,1952.0,1858.0,1941.0,256300.0
2024-06-04,36960,1957.0,2016.0,1954.0,1977.0,0,0,147100.0,290786300.0,1.0,1957.0,2016.0,1954.0,1977.0,147100.0
2024-06-05,36960,1978.0,2000.0,1913.0,1936.0,0,0,153700.0,301463900.0,1.0,1978.0,2000.0,1913.0,1936.0,153700.0
2024-06-06,36960,1964.0,1964.0,1855.0,1855.0,0,0,189600.0,359413400.0,1.0,1964.0,1964.0,1855.0,1855.0,189600.0
2024-06-07,36960,1850.0,1924.0,1840.0,1909.0,0,0,142800.0,270126900.0,1.0,1850.0,1924.0,1840.0,1909.0,142800.0
2024-06-10,36960,1900.0,1908.0,1859.0,1888.0,0,0,101600.0,191108600.0,1.0,1900.0,1908.0,1859.0,1888.0,101600.0
2024-06-11,36960,1888.0,1900.0,1849.0,1870.0,0,0,85900.0,160612500.0,1.0,1888.0,1900.0,1849.0,1870.0,85900.0
2024-06-12,36960,1869.0,1883.0,1821.0,1829.0,0,0,158400.0,292261400.0,1.0,1869.0,1883.0,1821.0,1829.0,158400.0
2024-06-13,36960,1828.0,1854.0,1799.0,1842.0,0,0,136700.0,249809900.0,1.0,1828.0,1854.0,1799.0,1842.0,136700.0
2024-06-14,36960,1810.0,1963.0,1810.0,1960.0,0,0,291700.0,562199600.0,1.0,1810.0,1963.0,1810.0,1960.0,291700.0
2024-06-17,36960,1925.0,1988.0,1902.0,1952.0,0,0,175600.0,340803000.0,1.0,1925.0,1988.0,1902.0,1952.0,175600.0
2024-06-18,36960,1960.0,1960.0,1800.0,1804.0,0,0,309100.0,571968100.0,1.0,1960.0,1960.0,1800.0,1804.0,309100.0
2024-06-19,36960,1805.0,1809.0,1645.0,1707.0,0,0,404400.0,696671100.0,1.0,1805.0,1809.0,1645.0,1707.0,404400.0
2024-06-20,36960,1673.0,1707.0,1648.0,1650.0,0,0,314000.0,523079500.0,1.0,1673.0,1707.0,1648.0,1650.0,314000.0
2024-06-21,36960,1635.0,1676.0,1635.0,1663.0,0,0,278400.0,461312000.0,1.0,1635.0,1676.0,1635.0,1663.0,278400.0
2024-06-24,36960,1653.0,1674.0,1621.0,1658.0,0,0,151000.0,248455200.0,1.0,1653.0,1674.0,1621.0,1658.0,151000.0
2024-06-25,36960,1639.0,1664.0,1628.0,1650.0,0,0,119900.0,197421000.0,1.0,1639.0,1664.0,1628.0,1650.0,119900.0
2024-06-26,36960,1670.0,1720.0,1651.0,1661.0,0,0,160800.0,269245900.0,1.0,1670.0,1720.0,1651.0,1661.0,160800.0
2024-06-27,36960,1637.0,1655.0,1615.0,1620.0,0,0,114400.0,186714900.0,1.0,1637.0,1655.0,1615.0,1620.0,114400.0
2024-06-28,36960,1632.0,1695.0,1608.0,1631.0,0,0,231600.0,380635800.0,1.0,1632.0,1695.0,1608.0,1631.0,231600.0
2024-07-01,36960,1628.0,1655.0,1603.0,1606.0,0,0,170000.0,276850800.0,1.0,1628.0,1655.0,1603.0,1606.0,170000.0
2024-07-02,36960,1610.0,1634.0,1592.0,1626.0,0,0,117000.0,188907000.0,1.0,1610.0,1634.0,1592.0,1626.0,117000.0
2024-07-03,36960,1644.0,1645.0,1620.0,1632.0,0,0,84200.0,137550700.0,1.0,1644.0,1645.0,1620.0,1632.0,84200.0
2024-07-04,36960,1670.0,1698.0,1649.0,1651.0,0,0,162000.0,270396300.0,1.0,1670.0,1698.0,1649.0,1651.0,162000.0
2024-07-05,36960,1612.0,1620.0,1566.0,1579.0,0,0,294000.0,466361300.0,1.0,1612.0,1620.0,1566.0,1579.0,294000.0
2024-07-08,36960,1595.0,1601.0,1502.0,1530.0,0,0,379300.0,582192100.0,1.0,1595.0,1601.0,1502.0,1530.0,379300.0
2024-07-09,36960,1539.0,1572.0,1528.0,1565.0,0,0,179200.0,278352600.0,1.0,1539.0,1572.0,1528.0,1565.0,179200.0
2024-07-10,36960,1565.0,1623.0,1565.0,1614.0,0,0,262100.0,421235900.0,1.0,1565.0,1623.0,1565.0,1614.0,262100.0
2024-07-11,36960,1612.0,1612.0,1570.0,1585.0,0,0,123800.0,196735700.0,1.0,1612.0,1612.0,1570.0,1585.0,123800.0
2024-07-12,36960,1575.0,1637.0,1571.0,1637.0,0,0,173900.0,280556500.0,1.0,1575.0,1637.0,1571.0,1637.0,173900.0
2024-07-16,36960,1745.0,1850.0,1726.0,1743.0,0,0,636700.0,1140623200.0,1.0,1745.0,1850.0,1726.0,1743.0,636700.0
2024-07-17,36960,1760.0,1808.0,1711.0,1770.0,0,0,300400.0,527533700.0,1.0,1760.0,1808.0,1711.0,1770.0,300400.0
2024-07-18,36960,1732.0,1764.0,1706.0,1726.0,0,0,150100.0,259498000.0,1.0,1732.0,1764.0,1706.0,1726.0,150100.0
2024-07-19,36960,1710.0,1729.0,1688.0,1700.0,0,0,114500.0,195183200.0,1.0,1710.0,1729.0,1688.0,1700.0,114500.0
2024-07-22,36960,1749.0,1749.0,1641.0,1641.0,0,0,161900.0,271441900.0,1.0,1749.0,1749.0,1641.0,1641.0,161900.0
2024-07-23,36960,1694.0,1720.0,1669.0,1674.0,0,0,136600.0,231837200.0,1.0,1694.0,1720.0,1669.0,1674.0,136600.0
2024-07-24,36960,1634.0,1687.0,1621.0,1641.0,0,0,135300.0,222754300.0,1.0,1634.0,1687.0,1621.0,1641.0,135300.0
2024-07-25,36960,1590.0,1604.0,1573.0,1585.0,0,0,144500.0,229683600.0,1.0,1590.0,1604.0,1573.0,1585.0,144500.0
2024-07-26,36960,1616.0,1642.0,1588.0,1607.0,0,0,144400.0,233339800.0,1.0,1616.0,1642.0,1588.0,1607.0,144400.0
2024-07-29,36960,1656.0,1726.0,1638.0,1721.0,0,0,236900.0,399028200.0,1.0,1656.0,1726.0,1638.0,1721.0,236900.0
2024-07-30,36960,1713.0,1713.0,1643.0,1656.0,0,0,282000.0,469890400.0,1.0,1713.0,1713.0,1643.0,1656.0,282000.0
2024-07-31,36960,1632.0,1710.0,1600.0,1694.0,0,0,495500.0,832778400.0,1.0,1632.0,1710.0,1600.0,1694.0,495500.0
2024-08-01,36960,1707.0,1733.0,1626.0,1715.0,0,0,397400.0,670081300.0,1.0,1707.0,1733.0,1626.0,1715.0,397400.0
2024-08-02,36960,1635.0,1657.0,1465.0,1519.0,0,0,650400.0,1016027000.0,1.0,1635.0,1657.0,1465.0,1519.0,650400.0
2024-08-05,36960,1316.0,1333.0,1119.0,1197.0,0,1,809300.0,1001667900.0,1.0,1316.0,1333.0,1119.0,1197.0,809300.0
2024-08-06,36960,1283.0,1417.0,1280.0,1361.0,0,0,375200.0,507791400.0,1.0,1283.0,1417.0,1280.0,1361.0,375200.0
2024-08-07,36960,1331.0,1554.0,1326.0,1434.0,0,0,440100.0,626691100.0,1.0,1331.0,1554.0,1326.0,1434.0,440100.0
2024-08-08,36960,1404.0,1449.0,1342.0,1415.0,0,0,510400.0,717582100.0,1.0,1404.0,1449.0,1342.0,1415.0,510400.0
2024-08-09,36960,1250.0,1289.0,1138.0,1187.0,0,0,1034500.0,1233993000.0,1.0,1250.0,1289.0,1138.0,1187.0,1034500.0
2024-08-13,36960,1190.0,1249.0,1170.0,1230.0,0,0,427100.0,520024600.0,1.0,1190.0,1249.0,1170.0,1230.0,427100.0
2024-08-14,36960,1240.0,1240.0,1178.0,1206.0,0,0,316100.0,379149800.0,1.0,1240.0,1240.0,1178.0,1206.0,316100.0
2024-08-15,36960,1210.0,1264.0,1205.0,1242.0,0,0,222900.0,276789200.0,1.0,1210.0,1264.0,1205.0,1242.0,222900.0
2024-08-16,36960,1272.0,1334.0,1272.0,1303.0,0,0,290000.0,376750000.0,1.0,1272.0,1334.0,1272.0,1303.0,290000.0
2024-08-19,36960,1315.0,1342.0,1273.0,1273.0,0,0,178300.0,232845100.0,1.0,1315.0,1342.0,1273.0,1273.0,178300.0
2024-08-20,36960,1281.0,1384.0,1281.0,1378.0,0,0,247500.0,335214600.0,1.0,1281.0,1384.0,1281.0,1378.0,247500.0
2024-08-21,36960,1370.0,1391.0,1336.0,1346.0,0,0,233900.0,318582600.0,1.0,1370.0,1391.0,1336.0,1346.0,233900.0
2024-08-22,36960,1361.0,1369.0,1320.0,1329.0,0,0,133100.0,178715900.0,1.0,1361.0,1369.0,1320.0,1329.0,133100.0
2024-08-23,36960,1310.0,1341.0,1303.0,1341.0,0,0,118500.0,157477800.0,1.0,1310.0,1341.0,1303.0,1341.0,118500.0
2024-08-26,36960,1356.0,1457.0,1349.0,1450.0,0,0,335300.0,474356700.0,1.0,1356.0,1457.0,1349.0,1450.0,335300.0
2024-08-27,36960,1446.0,1488.0,1433.0,1488.0,0,0,201500.0,294369100.0,1.0,1446.0,1488.0,1433.0,1488.0,201500.0
2024-08-28,36960,1458.0,1464.0,1342.0,1352.0,0,0,512000.0,703402000.0,1.0,1458.0,1464.0,1342.0,1352.0,512000.0
2024-08-29,36960,1337.0,1347.0,1321.0,1328.0,0,0,182100.0,242563800.0,1.0,1337.0,1347.0,1321.0,1328.0,182100.0
2024-08-30,36960,1336.0,1340.0,1320.0,1336.0,0,0,122200.0,162696000.0,1.0,1336.0,1340.0,1320.0,1336.0,122200.0
2024-09-02,36960,1336.0,1336.0,1307.0,1314.0,0,0,129800.0,170952100.0,1.0,1336.0,1336.0,1307.0,1314.0,129800.0
2024-09-03,36960,1331.0,1412.0,1321.0,1365.0,0,0,341600.0,471067900.0,1.0,1331.0,1412.0,1321.0,1365.0,341600.0
2024-09-04,36960,1309.0,1329.0,1293.0,1294.0,0,0,201500.0,263837200.0,1.0,1309.0,1329.0,1293.0,1294.0,201500.0
2024-09-05,36960,1278.0,1309.0,1268.0,1290.0,0,0,128800.0,165931100.0,1.0,1278.0,1309.0,1268.0,1290.0,128800.0
2024-09-06,36960,1307.0,1307.0,1266.0,1278.0,0,0,93800.0,119997300.0,1.0,1307.0,1307.0,1266.0,1278.0,93800.0
2024-09-09,36960,1212.0,1239.0,1185.0,1227.0,0,0,203000.0,247081100.0,1.0,1212.0,1239.0,1185.0,1227.0,203000.0
2024-09-10,36960,1240.0,1283.0,1239.0,1266.0,0,0,163400.0,206508500.0,1.0,1240.0,1283.0,1239.0,1266.0,163400.0
2024-09-11,36960,1267.0,1280.0,1215.0,1233.0,0,0,177800.0,221831400.0,1.0,1267.0,1280.0,1215.0,1233.0,177800.0
2024-09-12,36960,1266.0,1288.0,1258.0,1280.0,0,0,111500.0,142420300.0,1.0,1266.0,1288.0,1258.0,1280.0,111500.0
2024-09-13,36960,1271.0,1293.0,1260.0,1266.0,0,0,76500.0,97178400.0,1.0,1271.0,1293.0,1260.0,1266.0,76500.0
2024-09-17,36960,1271.0,1274.0,1226.0,1246.0,0,0,78800.0,98045900.0,1.0,1271.0,1274.0,1226.0,1246.0,78800.0
2024-09-18,36960,1264.0,1311.0,1263.0,1279.0,0,0,168700.0,216069900.0,1.0,1264.0,1311.0,1263.0,1279.0,168700.0
2024-09-19,36960,1309.0,1336.0,1300.0,1306.0,0,0,114900.0,151758600.0,1.0,1309.0,1336.0,1300.0,1306.0,114900.0
2024-09-20,36960,1336.0,1336.0,1306.0,1323.0,0,0,91800.0,121347400.0,1.0,1336.0,1336.0,1306.0,1323.0,91800.0
2024-09-24,36960,1623.0,1623.0,1623.0,1623.0,1,0,139700.0,226733100.0,1.0,1623.0,1623.0,1623.0,1623.0,139700.0
2024-09-25,36960,1522.0,1527.0,1433.0,1460.0,0,0,1326700.0,1948736900.0,1.0,1522.0,1527.0,1433.0,1460.0,1326700.0
2024-09-26,36960,1440.0,1458.0,1413.0,1438.0,0,0,358500.0,512295700.0,1.0,1440.0,1458.0,1413.0,1438.0,358500.0
2024-09-27,36960,1449.0,1500.0,1441.0,1476.0,0,0,411200.0,607473900.0,1.0,1449.0,1500.0,1441.0,1476.0,411200.0
2024-09-30,36960,1446.0,1498.0,1434.0,1434.0,0,0,310400.0,453554600.0,1.0,1446.0,1498.0,1434.0,1434.0,310400.0
2024-10-01,36960,1424.0,1476.0,1386.0,1458.0,0,0,232500.0,333863300.0,1.0,1424.0,1476.0,1386.0,1458.0,232500.0
2024-10-02,36960,1428.0,1456.0,1428.0,1437.0,0,0,142200.0,205039800.0,1.0,1428.0,1456.0,1428.0,1437.0,142200.0
2024-10-03,36960,1460.0,1467.0,1405.0,1409.0,0,0,142400.0,203195400.0,1.0,1460.0,1467.0,1405.0,1409.0,142400.0
2024-10-04,36960,1422.0,1437.0,1411.0,1418.0,0,0,151000.0,215028000.0,1.0,1422.0,1437.0,1411.0,1418.0,151000.0
2024-10-07,36960,1448.0,1455.0,1433.0,1433.0,0,0,129400.0,187033400.0,1.0,1448.0,1455.0,1433.0,1433.0,129400.0
2024-10-08,36960,1419.0,1421.0,1380.0,1380.0,0,0,155000.0,216299000.0,1.0,1419.0,1421.0,1380.0,1380.0,155000.0
2024-10-09,36960,1380.0,1391.0,1359.0,1378.0,0,0,141200.0,193837000.0,1.0,1380.0,1391.0,1359.0,1378.0,141200.0
2024-10-10,36960,1386.0,1386.0,1346.0,1373.0,0,0,169100.0,230751400.0,1.0,1386.0,1386.0,1346.0,1373.0,169100.0
2024-10-11,36960,1378.0,1380.0,1343.0,1343.0,0,0,108600.0,147242000.0,1.0,1378.0,1380.0,1343.0,1343.0,108600.0
2024-10-15,36960,1414.0,1439.0,1387.0,1391.0,0,0,216200.0,304193700.0,1.0,1414.0,1439.0,1387.0,1391.0,216200.0
2024-10-16,36960,1380.0,1409.0,1377.0,1385.0,0,0,80400.0,111909200.0,1.0,1380.0,1409.0,1377.0,1385.0,80400.0
2024-10-17,36960,1392.0,1420.0,1376.0,1380.0,0,0,114300.0,159594500.0,1.0,1392.0,1420.0,1376.0,1380.0,114300.0
2024-10-18,36960,1367.0,1367.0,1341.0,1345.0,0,0,89900.0,121655500.0,1.0,1367.0,1367.0,1341.0,1345.0,89900.0
2024-10-21,36960,1368.0,1430.0,1358.0,1412.0,0,0,193100.0,270007800.0,1.0,1368.0,1430.0,1358.0,1412.0,193100.0
2024-10-22,36960,1396.0,1400.0,1362.0,1362.0,0,0,122000.0,168203600.0,1.0,1396.0,1400.0,1362.0,1362.0,122000.0
2024-10-23,36960,1355.0,1355.0,1316.0,1317.0,0,0,125500.0,166972500.0,1.0,1355.0,1355.0,1316.0,1317.0,125500.0
2024-10-24,36960,1312.0,1347.0,1295.0,1320.0,0,0,170100.0,224957200.0,1.0,1312.0,1347.0,1295.0,1320.0,170100.0
2024-10-25,36960,1320.0,1320.0,1284.0,1300.0,0,0,113400.0,147059500.0,1.0,1320.0,1320.0,1284.0,1300.0,113400.0
2024-10-28,36960,1320.0,1430.0,1315.0,1413.0,0,0,428700.0,589711700.0,1.0,1320.0,1430.0,1315.0,1413.0,428700.0
2024-10-29,36960,1420.0,1539.0,1408.0,1519.0,0,0,514400.0,769650600.0,1.0,1420.0,1539.0,1408.0,1519.0,514400.0
2024-10-30,36960,1547.0,1606.0,1524.0,1580.0,0,0,469400.0,738125300.0,1.0,1547.0,1606.0,1524.0,1580.0,469400.0
2024-10-31,36960,1564.0,1620.0,1563.0,1601.0,0,0,297900.0,475250600.0,1.0,1564.0,1620.0,1563.0,1601.0,297900.0
2024-11-01,36960,1564.0,1594.0,1553.0,1594.0,0,0,310800.0,490606700.0,1.0,1564.0,1594.0,1553.0,1594.0,310800.0
2024-11-05,36960,1554.0,1582.0,1493.0,1568.0,0,0,375800.0,577060100.0,1.0,1554.0,1582.0,1493.0,1568.0,375800.0
2024-11-06,36960,1600.0,1686.0,1573.0,1663.0,0,0,1097800.0,1799094200.0,1.0,1600.0,1686.0,1573.0,1663.0,1097800.0
2024-11-07,36960,1781.0,1850.0,1655.0,1686.0,0,0,1306500.0,2257550500.0,1.0,1781.0,1850.0,1655.0,1686.0,1306500.0
2024-11-08,36960,1692.0,2086.0,1687.0,2086.0,1,0,2846100.0,5597422800.0,1.0,1692.0,2086.0,1687.0,2086.0,2846100.0
2024-11-11,36960,2214.0,2283.0,2056.0,2200.0,0,0,2096300.0,4526772900.0,1.0,2214.0,2283.0,2056.0,2200.0,2096300.0
2024-11-12,36960,2300.0,2395.0,2201.0,2268.0,0,0,2321800.0,5334783300.0,1.0,2300.0,2395.0,2201.0,2268.0,2321800.0
2024-11-13,36960,2260.0,2300.0,2085.0,2098.0,0,0,1306800.0,2863145000.0,1.0,2260.0,2300.0,2085.0,2098.0,1306800.0
2024-11-14,36960,2145.0,2207.0,2085.0,2128.0,0,0,865100.0,1849119300.0,1.0,2145.0,2207.0,2085.0,2128.0,865100.0
2024-11-15,36960,2052.0,2090.0,1997.0,2035.0,0,0,897800.0,1827185000.0,1.0,2052.0,2090.0,1997.0,2035.0,897800.0
2024-11-18,36960,2080.0,2160.0,2044.0,2122.0,0,0,984600.0,2070445000.0,1.0,2080.0,2160.0,2044.0,2122.0,984600.0
2024-11-19,36960,2139.0,2269.0,2132.0,2265.0,0,0,1012600.0,2243221800.0,1.0,2139.0,2269.0,2132.0,2265.0,1012600.0
2024-11-20,36960,2265.0,2308.0,2192.0,2259.0,0,0,659800.0,1484173900.0,1.0,2265.0,2308.0,2192.0,2259.0,659800.0
2024-11-21,36960,2300.0,2384.0,2250.0,2329.0,0,0,1336900.0,3095441200.0,1.0,2300.0,2384.0,2250.0,2329.0,1336900.0
2024-11-22,36960,2360.0,2640.0,2325.0,2640.0,0,0,2694000.0,6769537700.0,1.0,2360.0,2640.0,2325.0,2640.0,2694000.0
2024-11-25,36960,2640.0,2640.0,2489.0,2543.0,0,0,2065600.0,5278806500.0,1.0,2640.0,2640.0,2489.0,2543.0,2065600.0
2024-11-26,36960,2443.0,2459.0,2260.0,2308.0,0,0,1659500.0,3863215600.0,1.0,2443.0,2459.0,2260.0,2308.0,1659500.0
2024-11-27,36960,2208.0,2239.0,2102.0,2237.0,0,0,1763700.0,3811427200.0,1.0,2208.0,2239.0,2102.0,2237.0,1763700.0
2024-11-28,36960,2309.0,2362.0,2204.0,2237.0,0,0,1329200.0,3036556900.0,1.0,2309.0,2362.0,2204.0,2237.0,1329200.0
2024-11-29,36960,2237.0,2316.0,2160.0,2286.0,0,0,879100.0,1983715700.0,1.0,2237.0,2316.0,2160.0,2286.0,879100.0
2024-12-02,36960,2435.0,2512.0,2366.0,2456.0,0,0,1648900.0,4028494200.0,1.0,2435.0,2512.0,2366.0,2456.0,1648900.0
2024-12-03,36960,2390.0,2539.0,2387.0,2520.0,0,0,1048000.0,2593848200.0,1.0,2390.0,2539.0,2387.0,2520.0,1048000.0
2024-12-04,36960,2532.0,2555.0,2465.0,2540.0,0,0,668300.0,1678742200.0,1.0,2532.0,2555.0,2465.0,2540.0,668300.0
2024-12-05,36960,2600.0,2944.0,2594.0,2854.0,0,0,3327700.0,9374133400.0,1.0,2600.0,2944.0,2594.0,2854.0,3327700.0
2024-12-06,36960,2754.0,3175.0,2729.0,3120.0,0,0,6613400.0,19917693600.0,1.0,2754.0,3175.0,2729.0,3120.0,6613400.0
2024-12-09,36960,3260.0,3495.0,3210.0,3430.0,0,0,4979100.0,16886083000.0,1.0,3260.0,3495.0,3210.0,3430.0,4979100.0
2024-12-10,36960,3335.0,3535.0,3210.0,3255.0,0,0,4796300.0,16311398000.0,1.0,3335.0,3535.0,3210.0,3255.0,4796300.0
2024-12-11,36960,3390.0,3475.0,3140.0,3285.0,0,0,4447300.0,14695780500.0,1.0,3390.0,3475.0,3140.0,3285.0,4447300.0
2024-12-12,36960,3565.0,3700.0,3430.0,3465.0,0,0,3948400.0,13951383500.0,1.0,3565.0,3700.0,3430.0,3465.0,3948400.0
2024-12-13,36960,3395.0,3590.0,3355.0,3570.0,0,0,2560800.0,9015070500.0,1.0,3395.0,3590.0,3355.0,3570.0,2560800.0
2024-12-16,36960,3805.0,3875.0,3570.0,3700.0,0,0,4053400.0,15164439000.0,1.0,3805.0,3875.0,3570.0,3700.0,4053400.0
2024-12-17,36960,3700.0,3795.0,3515.0,3540.0,0,0,2327900.0,8533907500.0,1.0,3700.0,3795.0,3515.0,3540.0,2327900.0
2024-12-18,36960,3495.0,3580.0,3315.0,3340.0,0,0,1570700.0,5406191000.0,1.0,3495.0,3580.0,3315.0,3340.0,1570700.0
2024-12-19,36960,3200.0,3360.0,3175.0,3335.0,0,0,1628100.0,5316272500.0,1.0,3200.0,3360.0,3175.0,3335.0,1628100.0
2024-12-20,36960,3325.0,3380.0,3210.0,3230.0,0,0,886000.0,2889890500.0,1.0,3325.0,3380.0,3210.0,3230.0,886000.0
2024-12-23,36960,3190.0,3490.0,3070.0,3470.0,0,0,2762900.0,9087241500.0,1.0,3190.0,3490.0,3070.0,3470.0,2762900.0
2024-12-24,36960,3420.0,3430.0,3320.0,3350.0,0,0,1083600.0,3653070500.0,1.0,3420.0,3430.0,3320.0,3350.0,1083600.0
2024-12-25,36960,3490.0,3600.0,3370.0,3545.0,0,0,1606100.0,5612185000.0,1.0,3490.0,3600.0,3370.0,3545.0,1606100.0
2024-12-26,36960,3580.0,3665.0,3505.0,3505.0,0,0,1266900.0,4530686000.0,1.0,3580.0,3665.0,3505.0,3505.0,1266900.0
2024-12-27,36960,3375.0,3625.0,3350.0,3500.0,0,0,1591800.0,5553931000.0,1.0,3375.0,3625.0,3350.0,3500.0,1591800.0
2024-12-30,36960,3440.0,3440.0,3100.0,3105.0,0,0,1549500.0,4926433000.0,1.0,3440.0,3440.0,3100.0,3105.0,1549500.0
2025-01-06,36960,3210.0,3230.0,3100.0,3115.0,0,0,786300.0,2483020500.0,1.0,3210.0,3230.0,3100.0,3115.0,786300.0
2025-01-07,36960,3115.0,3195.0,2930.0,2937.0,0,0,1890200.0,5769715500.0,1.0,3115.0,3195.0,2930.0,2937.0,1890200.0
2025-01-08,36960,2846.0,2916.0,2781.0,2851.0,0,0,1430800.0,4076083600.0,1.0,2846.0,2916.0,2781.0,2851.0,1430800.0
2025-01-09,36960,2850.0,2906.0,2801.0,2816.0,0,0,842700.0,2399752800.0,1.0,2850.0,2906.0,2801.0,2816.0,842700.0
2025-01-10,36960,2788.0,2895.0,2762.0,2762.0,0,0,623400.0,1748571100.0,1.0,2788.0,2895.0,2762.0,2762.0,623400.0
2025-01-14,36960,2748.0,2875.0,2732.0,2833.0,0,0,717600.0,2020259300.0,1.0,2748.0,2875.0,2732.0,2833.0,717600.0
2025-01-15,36960,2849.0,2861.0,2702.0,2735.0,0,0,653000.0,1823074900.0,1.0,2849.0,2861.0,2702.0,2735.0,653000.0
2025-01-16,36960,2828.0,3030.0,2828.0,2920.0,0,0,1560400.0,4565990300.0,1.0,2828.0,3030.0,2828.0,2920.0,1560400.0
2025-01-17,36960,2870.0,3115.0,2851.0,3095.0,0,0,1278700.0,3819493800.0,1.0,2870.0,3115.0,2851.0,3095.0,1278700.0
2025-01-20,36960,3090.0,3165.0,2940.0,3035.0,0,0,2365500.0,7198281600.0,1.0,3090.0,3165.0,2940.0,3035.0,2365500.0
2025-01-21,36960,2887.0,2900.0,2620.0,2684.0,0,0,2369500.0,6465350100.0,1.0,2887.0,2900.0,2620.0,2684.0,2369500.0
2025-01-22,36960,2728.0,2786.0,2685.0,2697.0,0,0,1308000.0,3569946900.0,1.0,2728.0,2786.0,2685.0,2697.0,1308000.0
2025-01-23,36960,2647.0,2679.0,2571.0,2665.0,0,0,731300.0,1925879300.0,1.0,2647.0,2679.0,2571.0,2665.0,731300.0
2025-01-24,36960,2722.0,2859.0,2679.0,2844.0,0,0,1182600.0,3262350500.0,1.0,2722.0,2859.0,2679.0,2844.0,1182600.0
2025-01-27,36960,2794.0,2808.0,2693.0,2788.0,0,0,950300.0,2619157300.0,1.0,2794.0,2808.0,2693.0,2788.0,950300.0
2025-01-28,36960,2784.0,2929.0,2746.0,2820.0,0,0,969400.0,2759312900.0,1.0,2784.0,2929.0,2746.0,2820.0,969400.0
2025-01-29,36960,2835.0,2874.0,2755.0,2834.0,0,0,674600.0,1901581500.0,1.0,2835.0,2874.0,2755.0,2834.0,674600.0
2025-01-30,36960,2884.0,2944.0,2838.0,2902.0,0,0,800200.0,2311321100.0,1.0,2884.0,2944.0,2838.0,2902.0,800200.0
2025-01-31,36960,2902.0,3120.0,2868.0,2932.0,0,0,1598200.0,4784107700.0,1.0,2902.0,3120.0,2868.0,2932.0,1598200.0
2025-02-03,36960,2732.0,2757.0,2580.0,2695.0,0,0,1702300.0,4525345900.0,1.0,2732.0,2757.0,2580.0,2695.0,1702300.0
2025-02-04,36960,2785.0,2923.0,2784.0,2841.0,0,0,1299000.0,3725146700.0,1.0,2785.0,2923.0,2784.0,2841.0,1299000.0
2025-02-05,36960,2770.0,2883.0,2728.0,2866.0,0,0,756600.0,2112678200.0,1.0,2770.0,2883.0,2728.0,2866.0,756600.0
2025-02-06,36960,2880.0,2987.0,2850.0,2950.0,0,0,733100.0,2148994800.0,1.0,2880.0,2987.0,2850.0,2950.0,733100.0
2025-02-07,36960,2921.0,3030.0,2870.0,3015.0,0,0,731200.0,2159567400.0,1.0,2921.0,3030.0,2870.0,3015.0,731200.0
2025-02-10,36960,3100.0,3165.0,3015.0,3160.0,0,0,791000.0,2448234500.0,1.0,3100.0,3165.0,3015.0,3160.0,791000.0
2025-02-12,36960,3230.0,3230.0,3015.0,3185.0,0,0,976300.0,3045986000.0,1.0,3230.0,3230.0,3015.0,3185.0,976300.0
2025-02-13,36960,3185.0,3210.0,3130.0,3195.0,0,0,546600.0,1731790000.0,1.0,3185.0,3210.0,3130.0,3195.0,546600.0
2025-02-14,36960,3190.0,3200.0,2593.0,2712.0,0,0,4301600.0,11943478200.0,1.0,3190.0,3200.0,2593.0,2712.0,4301600.0
2025-02-17,36960,2762.0,2969.0,2750.0,2938.0,0,0,1880800.0,5419866300.0,1.0,2762.0,2969.0,2750.0,2938.0,1880800.0
2025-02-18,36960,2892.0,2978.0,2821.0,2929.0,0,0,1091500.0,3164405000.0,1.0,2892.0,2978.0,2821.0,2929.0,1091500.0
2025-02-19,36960,2901.0,2905.0,2813.0,2849.0,0,0,673400.0,1923221500.0,1.0,2901.0,2905.0,2813.0,2849.0,673400.0
2025-02-20,36960,2850.0,2855.0,2724.0,2739.0,0,0,631800.0,1748879200.0,1.0,2850.0,2855.0,2724.0,2739.0,631800.0
2025-02-21,36960,2739.0,2815.0,2675.0,2675.0,0,0,652500.0,1788031000.0,1.0,2739.0,2815.0,2675.0,2675.0,652500.0
2025-02-25,36960,2500.0,2517.0,2400.0,2453.0,0,0,961900.0,2386168900.0,1.0,2500.0,2517.0,2400.0,2453.0,961900.0
2025-02-26,36960,2430.0,2517.0,2419.0,2442.0,0,0,688400.0,1686056000.0,1.0,2430.0,2517.0,2419.0,2442.0,688400.0
2025-02-27,36960,2410.0,2464.0,2355.0,2442.0,0,0,864500.0,2079976300.0,1.0,2410.0,2464.0,2355.0,2442.0,864500.0
2025-02-28,36960,2392.0,2428.0,2340.0,2360.0,0,0,630700.0,1495899100.0,1.0,2392.0,2428.0,2340.0,2360.0,630700.0
2025-03-03,36960,2680.0,2860.0,2602.0,2858.0,1,0,3317200.0,9318783300.0,1.0,2680.0,2860.0,2602.0,2858.0,3317200.0
2025-03-04,36960,2658.0,2677.0,2465.0,2593.0,0,0,1796500.0,4561958700.0,1.0,2658.0,2677.0,2465.0,2593.0,1796500.0
2025-03-05,36960,2660.0,2705.0,2578.0,2649.0,0,0,1131900.0,2994945600.0,1.0,2660.0,2705.0,2578.0,2649.0,1131900.0
2025-03-06,36960,2790.0,2793.0,2543.0,2620.0,0,0,1341600.0,3528199600.0,1.0,2790.0,2793.0,2543.0,2620.0,1341600.0
2025-03-07,36960,2570.0,2635.0,2495.0,2528.0,0,0,1049500.0,2679382500.0,1.0,2570.0,2635.0,2495.0,2528.0,1049500.0
2025-03-10,36960,2411.0,2576.0,2411.0,2541.0,0,0,876400.0,2190266500.0,1.0,2411.0,2576.0,2411.0,2541.0,876400.0
2025-03-11,36960,2491.0,2598.0,2466.0,2531.0,0,0,1044400.0,2638163700.0,1.0,2491.0,2598.0,2466.0,2531.0,1044400.0
2025-03-12,36960,2560.0,2724.0,2537.0,2574.0,0,0,1091200.0,2860927400.0,1.0,2560.0,2724.0,2537.0,2574.0,1091200.0
2025-03-13,36960,2601.0,2685.0,2558.0,2558.0,0,0,616600.0,1612738200.0,1.0,2601.0,2685.0,2558.0,2558.0,616600.0
2025-03-14,36960,2558.0,2595.0,2511.0,2521.0,0,0,484100.0,1236487400.0,1.0,2558.0,2595.0,2511.0,2521.0,484100.0
2025-03-17,36960,2550.0,2593.0,2497.0,2590.0,0,0,698300.0,1774166600.0,1.0,2550.0,2593.0,2497.0,2590.0,698300.0
2025-03-18,36960,2555.0,2587.0,2431.0,2459.0,0,0,875400.0,2179279300.0,1.0,2555.0,2587.0,2431.0,2459.0,875400.0
2025-03-19,36960,2446.0,2473.0,2420.0,2471.0,0,0,412900.0,1010523400.0,1.0,2446.0,2473.0,2420.0,2471.0,412900.0
2025-03-21,36960,2450.0,2529.0,2435.0,2455.0,0,0,584900.0,1457862000.0,1.0,2450.0,2529.0,2435.0,2455.0,584900.0
2025-03-24,36960,2490.0,2548.0,2451.0,2474.0,0,0,488200.0,1216915600.0,1.0,2490.0,2548.0,2451.0,2474.0,488200.0
2025-03-25,36960,2524.0,2568.0,2470.0,2542.0,0,0,598700.0,1509953300.0,1.0,2524.0,2568.0,2470.0,2542.0,598700.0
2025-03-26,36960,2520.0,2559.0,2501.0,2542.0,0,0,336000.0,848889900.0,1.0,2520.0,2559.0,2501.0,2542.0,336000.0
2025-03-27,36960,2505.0,2530.0,2438.0,2456.0,0,0,286300.0,709968400.0,1.0,2505.0,2530.0,2438.0,2456.0,286300.0
2025-03-28,36960,2447.0,2485.0,2431.0,2452.0,0,0,276500.0,679390300.0,1.0,2447.0,2485.0,2431.0,2452.0,276500.0
2025-03-31,36960,2340.0,2366.0,2290.0,2337.0,0,0,491800.0,1143117800.0,1.0,2340.0,2366.0,2290.0,2337.0,491800.0
2025-04-01,36960,2322.0,2328.0,2263.0,2278.0,0,0,421800.0,963782800.0,1.0,2322.0,2328.0,2263.0,2278.0,421800.0
2025-04-02,36960,2297.0,2321.0,2249.0,2299.0,0,0,371900.0,848630800.0,1.0,2297.0,2321.0,2249.0,2299.0,371900.0
2025-04-03,36960,2149.0,2265.0,2149.0,2225.0,0,0,298300.0,662089400.0,1.0,2149.0,2265.0,2149.0,2225.0,298300.0
2025-04-04,36960,2170.0,2187.0,2023.0,2100.0,0,0,653400.0,1363755100.0,1.0,2170.0,2187.0,2023.0,2100.0,653400.0
2025-04-07,36960,1803.0,1908.0,1770.0,1809.0,0,0,822700.0,1508787300.0,1.0,1803.0,1908.0,1770.0,1809.0,822700.0
2025-04-08,36960,1929.0,2021.0,1929.0,1977.0,0,0,370000.0,729524600.0,1.0,1929.0,2021.0,1929.0,1977.0,370000.0
2025-04-09,36960,1920.0,1920.0,1837.0,1879.0,0,0,377400.0,710825200.0,1.0,1920.0,1920.0,1837.0,1879.0,377400.0
2025-04-10,36960,2139.0,2144.0,2067.0,2090.0,0,0,499000.0,1048535900.0,1.0,2139.0,2144.0,2067.0,2090.0,499000.0
2025-04-11,36960,1970.0,2121.0,1961.0,2121.0,0,0,405600.0,828149800.0,1.0,1970.0,2121.0,1961.0,2121.0,405600.0
2025-04-14,36960,2120.0,2182.0,2110.0,2156.0,0,0,300000.0,648304100.0,1.0,2120.0,2182.0,2110.0,2156.0,300000.0
2025-04-15,36960,2163.0,2206.0,2131.0,2160.0,0,0,372100.0,806284100.0,1.0,2163.0,2206.0,2131.0,2160.0,372100.0
2025-04-16,36960,2125.0,2160.0,2059.0,2075.0,0,0,212900.0,448033100.0,1.0,2125.0,2160.0,2059.0,2075.0,212900.0
2025-04-17,36960,2074.0,2130.0,2065.0,2121.0,0,0,174100.0,367514100.0,1.0,2074.0,2130.0,2065.0,2121.0,174100.0
2025-04-18,36960,2120.0,2151.0,2101.0,2112.0,0,0,132600.0,281392300.0,1.0,2120.0,2151.0,2101.0,2112.0,132600.0
2025-04-21,36960,2120.0,2171.0,2105.0,2115.0,0,0,195400.0,418312200.0,1.0,2120.0,2171.0,2105.0,2115.0,195400.0
2025-04-22,36960,2118.0,2170.0,2102.0,2129.0,0,0,258100.0,553038800.0,1.0,2118.0,2170.0,2102.0,2129.0,258100.0
2025-04-23,36960,2201.0,2225.0,2142.0,2158.0,0,0,316500.0,690696400.0,1.0,2201.0,2225.0,2142.0,2158.0,316500.0
2025-04-24,36960,2168.0,2182.0,2105.0,2119.0,0,0,208500.0,447159200.0,1.0,2168.0,2182.0,2105.0,2119.0,208500.0
2025-04-25,36960,2106.0,2146.0,2086.0,2117.0,0,0,245900.0,519864900.0,1.0,2106.0,2146.0,2086.0,2117.0,245900.0
2025-04-28,36960,2143.0,2160.0,2116.0,2131.0,0,0,242800.0,518075700.0,1.0,2143.0,2160.0,2116.0,2131.0,242800.0
2025-04-30,36960,2129.0,2168.0,2109.0,2143.0,0,0,245600.0,524952300.0,1.0,2129.0,2168.0,2109.0,2143.0,245600.0
2025-05-01,36960,2146.0,2153.0,2105.0,2109.0,0,0,175000.0,371428900.0,1.0,2146.0,2153.0,2105.0,2109.0,175000.0
2025-05-02,36960,2125.0,2148.0,2079.0,2099.0,0,0,281600.0,595214500.0,1.0,2125.0,2148.0,2079.0,2099.0,281600.0
2025-05-07,36960,2110.0,2156.0,2107.0,2135.0,0,0,266800.0,568542000.0,1.0,2110.0,2156.0,2107.0,2135.0,266800.0
2025-05-08,36960,2133.0,2143.0,2087.0,2115.0,0,0,358400.0,758899800.0,1.0,2133.0,2143.0,2087.0,2115.0,358400.0
2025-05-09,36960,2165.0,2214.0,1955.0,1975.0,0,0,1244700.0,2551701300.0,1.0,2165.0,2214.0,1955.0,1975.0,1244700.0
2025-05-12,36960,2001.0,2034.0,1950.0,1996.0,0,0,473100.0,941065700.0,1.0,2001.0,2034.0,1950.0,1996.0,473100.0
2025-05-13,36960,2010.0,2024.0,1946.0,1968.0,0,0,323600.0,636963100.0,1.0,2010.0,2024.0,1946.0,1968.0,323600.0
2025-05-14,36960,1968.0,1999.0,1925.0,1967.0,0,0,309900.0,605350500.0,1.0,1968.0,1999.0,1925.0,1967.0,309900.0
2025-05-15,36960,1955.0,1967.0,1923.0,1924.0,0,0,156000.0,302837700.0,1.0,1955.0,1967.0,1923.0,1924.0,156000.0
2025-05-16,36960,1915.0,1936.0,1900.0,1928.0,0,0,249700.0,478812100.0,1.0,1915.0,1936.0,1900.0,1928.0,249700.0
2025-05-19,36960,1935.0,1936.0,1882.0,1882.0,0,0,262300.0,498281600.0,1.0,1935.0,1936.0,1882.0,1882.0,262300.0
2025-05-20,36960,1922.0,1996.0,1908.0,1925.0,0,0,622800.0,1216157900.0,1.0,1922.0,1996.0,1908.0,1925.0,622800.0
2025-05-21,36960,1939.0,2044.0,1907.0,1912.0,0,0,826100.0,1622202500.0,1.0,1939.0,2044.0,1907.0,1912.0,826100.0
2025-05-22,36960,1992.0,2157.0,1969.0,2103.0,0,0,3990000.0,8295806800.0,1.0,1992.0,2157.0,1969.0,2103.0,3990000.0
2025-05-23,36960,1929.0,1939.0,1800.0,1806.0,0,0,2306500.0,4268945400.0,1.0,1929.0,1939.0,1800.0,1806.0,2306500.0
2025-05-26,36960,1818.0,1918.0,1816.0,1895.0,0,0,1261900.0,2370509200.0,1.0,1818.0,1918.0,1816.0,1895.0,1261900.0
2025-05-27,36960,1895.0,2045.0,1871.0,2030.0,0,0,1879900.0,3746219800.0,1.0,1895.0,2045.0,1871.0,2030.0,1879900.0
2025-05-28,36960,2022.0,2100.0,1987.0,2060.0,0,0,1054800.0,2149937200.0,1.0,2022.0,2100.0,1987.0,2060.0,1054800.0
2025-05-29,36960,2069.0,2204.0,2038.0,2166.0,0,0,1415900.0,3051785700.0,1.0,2069.0,2204.0,2038.0,2166.0,1415900.0
2025-05-30,36960,2116.0,2143.0,2066.0,2129.0,0,0,734700.0,1546511900.0,1.0,2116.0,2143.0,2066.0,2129.0,734700.0
2025-06-02,36960,2147.0,2238.0,2083.0,2174.0,0,0,1082300.0,2360824500.0,1.0,2147.0,2238.0,2083.0,2174.0,1082300.0
2025-06-03,36960,2126.0,2234.0,2126.0,2218.0,0,0,943000.0,2061331700.0,1.0,2126.0,2234.0,2126.0,2218.0,943000.0
2025-06-04,36960,2255.0,2268.0,2176.0,2224.0,0,0,892300.0,1980228800.0,1.0,2255.0,2268.0,2176.0,2224.0,892300.0
2025-06-05,36960,2176.0,2253.0,2170.0,2184.0,0,0,601000.0,1331373600.0,1.0,2176.0,2253.0,2170.0,2184.0,601000.0
2025-06-06,36960,2101.0,2135.0,2017.0,2108.0,0,0,1374200.0,2847818100.0,1.0,2101.0,2135.0,2017.0,2108.0,1374200.0
2025-06-09,36960,2208.0,2275.0,2153.0,2201.0,0,0,915200.0,2020362500.0,1.0,2208.0,2275.0,2153.0,2201.0,915200.0
2025-06-10,36960,2262.0,2287.0,2174.0,2185.0,0,0,877100.0,1950551600.0,1.0,2262.0,2287.0,2174.0,2185.0,877100.0
2025-06-11,36960,2195.0,2307.0,2194.0,2273.0,0,0,878300.0,1979712900.0,1.0,2195.0,2307.0,2194.0,2273.0,878300.0
2025-06-12,36960,2306.0,2398.0,2291.0,2361.0,0,0,1343900.0,3149688800.0,1.0,2306.0,2398.0,2291.0,2361.0,1343900.0
2025-06-13,36960,2325.0,2337.0,2237.0,2261.0,0,0,796000.0,1816464600.0,1.0,2325.0,2337.0,2237.0,2261.0,796000.0
2025-06-16,36960,2251.0,2365.0,2249.0,2365.0,0,0,682600.0,1584202100.0,1.0,2251.0,2365.0,2249.0,2365.0,682600.0
2025-06-17,36960,2400.0,2422.0,2337.0,2389.0,0,0,816500.0,1943401200.0,1.0,2400.0,2422.0,2337.0,2389.0,816500.0
2025-06-18,36960,2332.0,2349.0,2300.0,2302.0,0,0,535900.0,1244230800.0,1.0,2332.0,2349.0,2300.0,2302.0,535900.0
2025-06-19,36960,2320.0,2400.0,2309.0,2318.0,0,0,572000.0,1344420300.0,1.0,2320.0,2400.0,2309.0,2318.0,572000.0
2025-06-20,36960,2327.0,2390.0,2324.0,2337.0,0,0,600500.0,1412901100.0,1.0,2327.0,2390.0,2324.0,2337.0,600500.0
2025-06-23,36960,2303.0,2482.0,2301.0,2397.0,0,0,914400.0,2180138800.0,1.0,2303.0,2482.0,2301.0,2397.0,914400.0
2025-06-24,36960,2497.0,2606.0,2478.0,2591.0,0,0,1190000.0,3038882200.0,1.0,2497.0,2606.0,2478.0,2591.0,1190000.0
2025-06-25,36960,2541.0,2576.0,2469.0,2542.0,0,0,684900.0,1730261500.0,1.0,2541.0,2576.0,2469.0,2542.0,684900.0
2025-06-26,36960,2560.0,2579.0,2490.0,2503.0,0,0,336400.0,850667100.0,1.0,2560.0,2579.0,2490.0,2503.0,336400.0
2025-06-27,36960,2521.0,2540.0,2422.0,2441.0,0,0,428000.0,1050997400.0,1.0,2521.0,2540.0,2422.0,2441.0,428000.0
2025-06-30,36960,2480.0,2559.0,2452.0,2501.0,0,0,465600.0,1169942700.0,1.0,2480.0,2559.0,2452.0,2501.0,465600.0
2025-07-01,36960,2549.0,2555.0,2363.0,2384.0,0,0,480500.0,1171712300.0,1.0,2549.0,2555.0,2363.0,2384.0,480500.0
2025-07-02,36960,2334.0,2366.0,2308.0,2308.0,0,0,490800.0,1144908900.0,1.0,2334.0,2366.0,2308.0,2308.0,490800.0
2025-07-03,36960,2344.0,2389.0,2325.0,2374.0,0,0,359100.0,847916900.0,1.0,2344.0,2389.0,2325.0,2374.0,359100.0
2025-07-04,36960,2390.0,2482.0,2341.0,2342.0,0,0,571800.0,1377722000.0,1.0,2390.0,2482.0,2341.0,2342.0,571800.0
2025-07-07,36960,2327.0,2378.0,2288.0,2341.0,0,0,353200.0,826207500.0,1.0,2327.0,2378.0,2288.0,2341.0,353200.0
2025-07-08,36960,2335.0,2371.0,2314.0,2364.0,0,0,174700.0,410229300.0,1.0,2335.0,2371.0,2314.0,2364.0,174700.0
2025-07-09,36960,2383.0,2425.0,2343.0,2385.0,0,0,253300.0,604927900.0,1.0,2383.0,2425.0,2343.0,2385.0,253300.0
2025-07-10,36960,2425.0,2484.0,2407.0,2460.0,0,0,544600.0,1334365500.0,1.0,2425.0,2484.0,2407.0,2460.0,544600.0
2025-07-11,36960,2470.0,2763.0,2460.0,2680.0,0,0,2175000.0,5782114100.0,1.0,2470.0,2763.0,2460.0,2680.0,2175000.0
2025-07-14,36960,2661.0,2743.0,2590.0,2603.0,0,0,920500.0,2445036700.0,1.0,2661.0,2743.0,2590.0,2603.0,920500.0
2025-07-15,36960,2603.0,2634.0,2552.0,2570.0,0,0,538700.0,1394456700.0,1.0,2603.0,2634.0,2552.0,2570.0,538700.0
2025-07-16,36960,2552.0,2598.0,2512.0,2545.0,0,0,392200.0,998947500.0,1.0,2552.0,2598.0,2512.0,2545.0,392200.0
2025-07-17,36960,2565.0,2584.0,2533.0,2572.0,0,0,315200.0,807755000.0,1.0,2565.0,2584.0,2533.0,2572.0,315200.0
2025-07-18,36960,2620.0,2644.0,2540.0,2594.0,0,0,711600.0,1843112000.0,1.0,2620.0,2644.0,2540.0,2594.0,711600.0
2025-07-22,36960,2609.0,2657.0,2466.0,2513.0,0,0,795700.0,2016336300.0,1.0,2609.0,2657.0,2466.0,2513.0,795700.0
2025-07-23,36960,2505.0,2577.0,2482.0,2559.0,0,0,440200.0,1113342400.0,1.0,2505.0,2577.0,2482.0,2559.0,440200.0
2025-07-24,36960,2567.0,2569.0,2495.0,2532.0,0,0,408500.0,1031804800.0,1.0,2567.0,2569.0,2495.0,2532.0,408500.0
2025-07-25,36960,2556.0,2578.0,2511.0,2569.0,0,0,409700.0,1045198300.0,1.0,2556.0,2578.0,2511.0,2569.0,409700.0
2025-07-28,36960,2595.0,2622.0,2531.0,2540.0,0,0,333100.0,859164500.0,1.0,2595.0,2622.0,2531.0,2540.0,333100.0
2025-07-29,36960,2525.0,2553.0,2460.0,2488.0,0,0,317200.0,795156300.0,1.0,2525.0,2553.0,2460.0,2488.0,317200.0
2025-07-30,36960,2475.0,2510.0,2444.0,2466.0,0,0,281400.0,696468600.0,1.0,2475.0,2510.0,2444.0,2466.0,281400.0
2025-07-31,36960,2440.0,2455.0,2405.0,2427.0,0,0,454700.0,1104696400.0,1.0,2440.0,2455.0,2405.0,2427.0,454700.0
2025-08-01,36960,2405.0,2455.0,2404.0,2411.0,0,0,231200.0,561169200.0,1.0,2405.0,2455.0,2404.0,2411.0,231200.0
2025-08-04,36960,2365.0,2395.0,2317.0,2352.0,0,0,341600.0,804687600.0,1.0,2365.0,2395.0,2317.0,2352.0,341600.0
2025-08-05,36960,2402.0,2427.0,2386.0,2411.0,0,0,222500.0,535949200.0,1.0,2402.0,2427.0,2386.0,2411.0,222500.0
2025-08-06,36960,2414.0,2437.0,2346.0,2390.0,0,0,297400.0,708573700.0,1.0,2414.0,2437.0,2346.0,2390.0,297400.0
2025-08-07,36960,2385.0,2421.0,2362.0,2410.0,0,0,198200.0,475100300.0,1.0,2385.0,2421.0,2362.0,2410.0,198200.0
2025-08-08,36960,2460.0,2490.0,2225.0,2396.0,0,0,1364200.0,3260789400.0,1.0,2460.0,2490.0,2225.0,2396.0,1364200.0
2025-08-12,36960,2374.0,2396.0,2271.0,2342.0,0,0,783500.0,1833608300.0,1.0,2374.0,2396.0,2271.0,2342.0,783500.0
2025-08-13,36960,2342.0,2342.0,2271.0,2283.0,0,0,584400.0,1339571900.0,1.0,2342.0,2342.0,2271.0,2283.0,584400.0
2025-08-14,36960,2274.0,2325.0,2259.0,2276.0,0,0,400400.0,915852000.0,1.0,2274.0,2325.0,2259.0,2276.0,400400.0
2025-08-15,36960,2295.0,2309.0,2207.0,2218.0,0,0,541400.0,1213882900.0,1.0,2295.0,2309.0,2207.0,2218.0,541400.0
2025-08-18,36960,2240.0,2453.0,2238.0,2403.0,0,0,772900.0,1837241200.0,1.0,2240.0,2453.0,2238.0,2403.0,772900.0
2025-08-19,36960,2390.0,2525.0,2385.0,2423.0,0,0,618100.0,1514673300.0,1.0,2390.0,2525.0,2385.0,2423.0,618100.0
2025-08-20,36960,2379.0,2379.0,2210.0,2217.0,0,0,1073900.0,2420516500.0,1.0,2379.0,2379.0,2210.0,2217.0,1073900.0
2025-08-21,36960,2201.0,2358.0,2188.0,2310.0,0,0,752300.0,1712307100.0,1.0,2201.0,2358.0,2188.0,2310.0,752300.0
2025-08-22,36960,2340.0,2555.0,2324.0,2485.0,0,0,1176900.0,2896267900.0,1.0,2340.0,2555.0,2324.0,2485.0,1176900.0
2025-08-25,36960,2555.0,2580.0,2466.0,2466.0,0,0,680900.0,1709511100.0,1.0,2555.0,2580.0,2466.0,2466.0,680900.0
2025-08-26,36960,2376.0,2434.0,2366.0,2416.0,0,0,413300.0,993552100.0,1.0,2376.0,2434.0,2366.0,2416.0,413300.0
2025-08-27,36960,2466.0,2595.0,2404.0,2546.0,0,0,854500.0,2158298500.0,1.0,2466.0,2595.0,2404.0,2546.0,854500.0
2025-08-28,36960,2548.0,2649.0,2517.0,2577.0,0,0,554200.0,1431874900.0,1.0,2548.0,2649.0,2517.0,2577.0,554200.0
2025-08-29,36960,2556.0,2599.0,2540.0,2556.0,0,0,318900.0,819705100.0,1.0,2556.0,2599.0,2540.0,2556.0,318900.0
2025-09-01,36960,2530.0,2548.0,2475.0,2539.0,0,0,300400.0,753065800.0,1.0,2530.0,2548.0,2475.0,2539.0,300400.0
2025-09-02,36960,2550.0,2601.0,2532.0,2558.0,0,0,273800.0,701600600.0,1.0,2550.0,2601.0,2532.0,2558.0,273800.0
2025-09-03,36960,2565.0,2625.0,2507.0,2519.0,0,0,350400.0,902555600.0,1.0,2565.0,2625.0,2507.0,2519.0,350400.0
2025-09-04,36960,2500.0,2523.0,2441.0,2499.0,0,0,297400.0,735912500.0,1.0,2500.0,2523.0,2441.0,2499.0,297400.0
2025-09-05,36960,2524.0,2539.0,2481.0,2490.0,0,0,252100.0,634007300.0,1.0,2524.0,2539.0,2481.0,2490.0,252100.0
2025-09-08,36960,2528.0,2539.0,2432.0,2450.0,0,0,347100.0,858463600.0,1.0,2528.0,2539.0,2432.0,2450.0,347100.0
2025-09-09,36960,2460.0,2468.0,2391.0,2400.0,0,0,229800.0,557422900.0,1.0,2460.0,2468.0,2391.0,2400.0,229800.0
2025-09-10,36960,2424.0,2478.0,2379.0,2468.0,0,0,281600.0,685468900.0,1.0,2424.0,2478.0,2379.0,2468.0,281600.0
2025-09-11,36960,2478.0,2485.0,2395.0,2421.0,0,0,210600.0,511026200.0,1.0,2478.0,2485.0,2395.0,2421.0,210600.0
2025-09-12,36960,2444.0,2473.0,2405.0,2438.0,0,0,275300.0,672421700.0,1.0,2444.0,2473.0,2405.0,2438.0,275300.0
2025-09-16,36960,2459.0,2576.0,2410.0,2556.0,0,0,530800.0,1341613600.0,1.0,2459.0,2576.0,2410.0,2556.0,530800.0
2025-09-17,36960,2556.0,2568.0,2496.0,2516.0,0,0,250800.0,633677500.0,1.0,2556.0,2568.0,2496.0,2516.0,250800.0
2025-09-18,36960,2514.0,2583.0,2476.0,2583.0,0,0,315900.0,800817400.0,1.0,2514.0,2583.0,2476.0,2583.0,315900.0
2025-09-19,36960,2633.0,2850.0,2586.0,2740.0,0,0,1403000.0,3817198400.0,1.0,2633.0,2850.0,2586.0,2740.0,1403000.0
2025-09-22,36960,2790.0,2850.0,2692.0,2699.0,0,0,757400.0,2084862800.0,1.0,2790.0,2850.0,2692.0,2699.0,757400.0
2025-09-24,36960,2665.0,2692.0,2608.0,2646.0,0,0,338500.0,896580600.0,1.0,2665.0,2692.0,2608.0,2646.0,338500.0
2025-09-25,36960,2655.0,2704.0,2640.0,2669.0,0,0,239300.0,637630600.0,1.0,2655.0,2704.0,2640.0,2669.0,239300.0
2025-09-26,36960,2682.0,2709.0,2577.0,2591.0,0,0,301300.0,789770000.0,1.0,2682.0,2709.0,2577.0,2591.0,301300.0
2025-09-29,36960,2610.0,2638.0,2500.0,2500.0,0,0,253800.0,648086300.0,1.0,2610.0,2638.0,2500.0,2500.0,253800.0
2025-09-30,36960,2533.0,2565.0,2500.0,2561.0,0,0,208100.0,527181100.0,1.0,2533.0,2565.0,2500.0,2561.0,208100.0
2025-10-01,36960,2543.0,2552.0,2372.0,2372.0,0,0,662800.0,1609590000.0,1.0,2543.0,2552.0,2372.0,2372.0,662800.0
2025-10-02,36960,2381.0,2453.0,2375.0,2396.0,0,0,295400.0,714605100.0,1.0,2381.0,2453.0,2375.0,2396.0,295400.0
2025-10-03,36960,2394.0,2528.0,2386.0,2430.0,0,0,300000.0,739448500.0,1.0,2394.0,2528.0,2386.0,2430.0,300000.0
2025-10-06,36960,2508.0,2509.0,2406.0,2486.0,0,0,349500.0,859002100.0,1.0,2508.0,2509.0,2406.0,2486.0,349500.0
2025-10-07,36960,2520.0,2593.0,2496.0,2568.0,0,0,260900.0,666103400.0,1.0,2520.0,2593.0,2496.0,2568.0,260900.0
2025-10-08,36960,2555.0,2555.0,2495.0,2507.0,0,0,195600.0,493539000.0,1.0,2555.0,2555.0,2495.0,2507.0,195600.0
2025-10-09,36960,2524.0,2560.0,2497.0,2532.0,0,0,151700.0,383223500.0,1.0,2524.0,2560.0,2497.0,2532.0,151700.0
2025-10-10,36960,2514.0,2525.0,2470.0,2480.0,0,0,174700.0,434794100.0,1.0,2514.0,2525.0,2470.0,2480.0,174700.0
2025-10-14,36960,2450.0,2491.0,2346.0,2365.0,0,0,315500.0,756858100.0,1.0,2450.0,2491.0,2346.0,2365.0,315500.0
2025-10-15,36960,2388.0,2423.0,2369.0,2416.0,0,0,129500.0,310780900.0,1.0,2388.0,2423.0,2369.0,2416.0,129500.0
2025-10-16,36960,2388.0,2405.0,2354.0,2376.0,0,0,149300.0,354504600.0,1.0,2388.0,2405.0,2354.0,2376.0,149300.0
2025-10-17,36960,2350.0,2362.0,2238.0,2238.0,0,0,322700.0,735409700.0,1.0,2350.0,2362.0,2238.0,2238.0,322700.0
2025-10-20,36960,2276.0,2328.0,2257.0,2293.0,0,0,287800.0,658447100.0,1.0,2276.0,2328.0,2257.0,2293.0,287800.0
2025-10-21,36960,2289.0,2301.0,2237.0,2251.0,0,0,247300.0,560228700.0,1.0,2289.0,2301.0,2237.0,2251.0,247300.0
2025-10-22,36960,2260.0,2293.0,2247.0,2270.0,0,0,166500.0,378504300.0,1.0,2260.0,2293.0,2247.0,2270.0,166500.0
2025-10-23,36960,2251.0,2265.0,2225.0,2265.0,0,0,193200.0,434159900.0,1.0,2251.0,2265.0,2225.0,2265.0,193200.0
2025-10-24,36960,2287.0,2309.0,2253.0,2279.0,0,0,191400.0,436300000.0,1.0,2287.0,2309.0,2253.0,2279.0,191400.0
2025-10-27,36960,2329.0,2368.0,2302.0,2317.0,0,0,185000.0,431498900.0,1.0,2329.0,2368.0,2302.0,2317.0,185000.0
2025-10-28,36960,2299.0,2300.0,2245.0,2245.0,0,0,251600.0,572260500.0,1.0,2299.0,2300.0,2245.0,2245.0,251600.0
2025-10-29,36960,2250.0,2260.0,2156.0,2163.0,0,0,395200.0,865189000.0,1.0,2250.0,2260.0,2156.0,2163.0,395200.0
